1.967120170593261719e+00
1.800925374031066895e+00
1.902736067771911621e+00
1.817299842834472656e+00
2.048413515090942383e+00
1.925957083702087402e+00
1.969688057899475098e+00
2.012182950973510742e+00
2.029091119766235352e+00
2.135752677917480469e+00
2.087446689605712891e+00
1.994713544845581055e+00
1.999483942985534668e+00
2.125225067138671875e+00
2.034702062606811523e+00
2.026565551757812500e+00
1.964599847793579102e+00
1.934035897254943848e+00
2.050502061843872070e+00
2.017369985580444336e+00
1.966530203819274902e+00
2.000095605850219727e+00
1.894130229949951172e+00
2.014545917510986328e+00
2.022943973541259766e+00
2.121091604232788086e+00
1.978334784507751465e+00
1.970332264900207520e+00
1.945561170578002930e+00
2.063651084899902344e+00
1.966628789901733398e+00
2.004165172576904297e+00
1.995024919509887695e+00
1.840201973915100098e+00
1.796395659446716309e+00
2.016376018524169922e+00
1.987590432167053223e+00
1.975466728210449219e+00
1.912132501602172852e+00
1.860905647277832031e+00
2.046049594879150391e+00
1.898818612098693848e+00
1.963870286941528320e+00
2.001666784286499023e+00
1.935126304626464844e+00
2.135150909423828125e+00
2.097284078598022461e+00
2.009129047393798828e+00
1.978832483291625977e+00
1.875209808349609375e+00
1.968131780624389648e+00
1.981085181236267090e+00
1.963897466659545898e+00
1.935688018798828125e+00
1.969101548194885254e+00
2.025724172592163086e+00
1.961101651191711426e+00
2.008233785629272461e+00
1.894127488136291504e+00
2.072938680648803711e+00
2.022180795669555664e+00
1.858333706855773926e+00
2.056267976760864258e+00
2.030747652053833008e+00
1.943045973777770996e+00
2.062908887863159180e+00
2.034124851226806641e+00
2.004763364791870117e+00
1.993443846702575684e+00
2.143638134002685547e+00
2.225361585617065430e+00
2.019060134887695312e+00
1.996424198150634766e+00
2.164417266845703125e+00
1.920530796051025391e+00
1.990269780158996582e+00
2.044665575027465820e+00
1.899950027465820312e+00
2.038728237152099609e+00
2.002371072769165039e+00
1.929447293281555176e+00
2.135075330734252930e+00
2.118974685668945312e+00
2.011206150054931641e+00
1.967516303062438965e+00
1.873802900314331055e+00
2.017645359039306641e+00
1.984426498413085938e+00
2.036311149597167969e+00
1.912793159484863281e+00
1.978101491928100586e+00
2.028111457824707031e+00
2.041390895843505859e+00
2.012237310409545898e+00
2.105591297149658203e+00
1.956749320030212402e+00
2.021814107894897461e+00
1.867057681083679199e+00
1.946251630783081055e+00
1.968620896339416504e+00
1.942045688629150391e+00
2.061288356781005859e+00
2.034307241439819336e+00
2.005309343338012695e+00
2.007362842559814453e+00
2.132007122039794922e+00
2.225377321243286133e+00
2.020177364349365234e+00
2.001271486282348633e+00
2.162709236145019531e+00
1.927105784416198730e+00
1.992494463920593262e+00
2.043810844421386719e+00
1.898136496543884277e+00
2.040128946304321289e+00
2.002690315246582031e+00
1.925838470458984375e+00
2.135077238082885742e+00
2.144511461257934570e+00
2.012270450592041016e+00
2.044593334197998047e+00
1.872606635093688965e+00
1.949673175811767578e+00
1.986320495605468750e+00
2.036400318145751953e+00
1.879238724708557129e+00
1.980177521705627441e+00
2.029487848281860352e+00
2.042817592620849609e+00
1.985389351844787598e+00
2.105433702468872070e+00
1.929623007774353027e+00
2.021620273590087891e+00
1.874014377593994141e+00
1.948622941970825195e+00
1.968258976936340332e+00
1.941500067710876465e+00
2.060513257980346680e+00
2.034361600875854492e+00
2.013739824295043945e+00
1.992173314094543457e+00
2.117066860198974609e+00
2.225387811660766602e+00
2.020781040191650391e+00
