# Slice 0
8.615674591064453125e+01 7.664495086669921875e+01 8.814174652099609375e+01
9.085710906982421875e+01 7.933798217773437500e+01 9.287733459472656250e+01
8.570664215087890625e+01 9.815785217285156250e+01 8.777790832519531250e+01

# Slice 1
8.409414672851562500e+01 8.245350646972656250e+01 1.006113967895507812e+02
8.482965850830078125e+01 1.083016662597656250e+02 8.471707153320312500e+01
8.945243835449218750e+01 8.065447235107421875e+01 1.170783843994140625e+02

# Slice 2
9.763320159912109375e+01 8.884278106689453125e+01 8.467595672607421875e+01
1.046749649047851562e+02 1.222487945556640625e+02 8.026155853271484375e+01
1.068579940795898438e+02 9.878049468994140625e+01 9.119953155517578125e+01

