-0.30317813
-0.36759004
-0.21314541
-0.16390038
-0.08174697
-0.11198933
-0.05852582
-0.05339420
-0.04750552
-0.03543390
-0.03980898
-0.04927176
-0.04646054
-0.03373884
0.02785025
-0.00710975
0.03322834
0.02560722
0.03535041
0.03656229
0.04966827
-0.01051343
-0.00384477
0.01129289
-0.03074109
-0.02982491
-0.02246335
0.00953914
-0.02441065
-0.00478903
-0.01241237
-0.02639775
-0.05081629
-0.03430165
-0.04349397
-0.07007707
-0.09268400
-0.08550102
-0.04878072
-0.05459908
-0.04130574
-0.09976742
-0.07749069
-0.05375535
-0.08333769
-0.02337213
-0.02367476
-0.03724280
-0.06552389
-0.02378142
-0.04511337
-0.01833643
-0.03685207
-0.04089187
-0.03437646
-0.05527630
-0.03984728
-0.03457580
-0.06131596
-0.04073810
-0.08463906
-0.07793926
-0.06726606
-0.07566271
-0.06116813
-0.05099357
-0.04596192
-0.05636468
-0.07074741
-0.07274714
-0.07718869
-0.07713268
-0.05004527
-0.07701074
-0.06022015
-0.08658970
-0.08787443
-0.08514426
-0.08466996
-0.07071806
-0.10151862
-0.10739192
-0.08007336
-0.10685433
-0.06065775
-0.10092755
-0.08790520
-0.09357965
-0.09495125
-0.09711309
-0.09454499
-0.08037594
-0.09298052
-0.08331614
-0.08760162
-0.08393025
-0.10926270
-0.07959423
-0.08253244
-0.06268568
-0.08225106
-0.07576053
-0.09880514
-0.06237336
-0.12942991
-0.12030343
-0.08406369
-0.12072814
-0.08217254
-0.10266070
-0.09728193
-0.09144933
-0.10015605
-0.11781612
-0.09479813
-0.14891565
-0.14586137
-0.15165497
-0.11460005
-0.15557641
-0.13728285
-0.12638816
-0.11276412
-0.13305169
-0.08602088
-0.05481624
-0.06262637
-0.04088847
-0.05486695
-0.02455814
-0.03489851
-0.03749377
-0.01625364
-0.02809687
-0.06683844
-0.08310832
-0.06182150
-0.10300975
-0.09533446
-0.08229306
-0.11980482
-0.09321618
-0.08007782
-0.08072145
-0.08002255
-0.05255606
-0.08982249
-0.08381306
-0.08546621
-0.10602477
-0.09861863
-0.08549308
-0.13409215
-0.12422494
-0.12924713
-0.13953389
-0.14501715
-0.14198074
-0.11788558
-0.07632173
-0.10298286
-0.08463729
-0.10707436
-0.09294222
-0.08587943
-0.08518099
-0.03170544
-0.05326531
-0.06602904
-0.07211740
-0.05563471
-0.06661606
-0.05916451
-0.07020790
-0.07190084
-0.07568692
-0.08796906
-0.08005392
-0.05232349
-0.04918271
-0.10254624
-0.12048353
-0.10011056
-0.12562226
-0.11206789
-0.11513436
-0.13749678
-0.13005611
-0.11721816
-0.11098008
-0.13619059
-0.10882978
-0.12643388
-0.10423332
-0.10943018
-0.08506930
-0.08363516
-0.06562881
-0.07600407
-0.06605485
-0.07420471
-0.05558236
-0.07226029
-0.05398619
-0.06287082
-0.03756692
-0.07985841
-0.03359879
-0.07762991
-0.08826549
-0.08141895
-0.07767659
-0.11086142
-0.09576395
-0.07575294
-0.07264293
-0.04769892
-0.06602442
-0.03931005
-0.04435624
-0.04168282
-0.02787230
-0.04599932
-0.04356857
-0.06174375
-0.06186993
-0.07152802
-0.08634666
-0.09830096
-0.10194144
-0.11078701
-0.11132734
-0.09980986
-0.09841572
-0.07469555
-0.07984138
-0.06624913
-0.06409420
-0.06650107
-0.07265677
-0.03925119
-0.04175026
-0.05224747
-0.02338222
-0.03225529
-0.02958577
-0.06408958
-0.04596121
-0.06779267
-0.09073302
-0.13283999
-0.08556045
-0.08774411
-0.09681339
-0.12302257
-0.11973058
-0.04611769
-0.09627392
-0.08751958
-0.06944885
-0.08876087
-0.07171402
-0.07122843
-0.04782173
-0.06484336
-0.08732791
-0.05765787
-0.05303930
-0.08449508
-0.05752414
-0.11013213
-0.07368404
-0.13309456
-0.10040637
-0.06965268
-0.06985365
-0.08266303
-0.07382088
-0.07451604
-0.06594793
-0.06232280
-0.07394366
-0.08306665
-0.05383955
-0.06994691
-0.09499378
-0.08822197
-0.09641948
-0.07339915
-0.08716661
-0.06779804
-0.10167506
-0.10981658
-0.06987898
-0.07908805
-0.10907251
-0.07801042
-0.07996618
-0.10016455
-0.09559505
-0.09491189
-0.05917071
-0.06565219
-0.05423190
-0.08252964
-0.07206244
-0.07959078
-0.06681676
-0.05365952
-0.05531560
-0.04360081
-0.02076189
-0.05555896
-0.01752397
-0.02278401
-0.02580682
-0.03543542
-0.02420371
-0.10104643
-0.06324615
-0.05207928
-0.07431985
-0.06710261
-0.05953386
-0.09275615
-0.06388681
-0.08731958
-0.07461276
-0.05866532
-0.04915628
-0.03461111
-0.05613154
-0.06580918
-0.02597028
0.00069196
-0.04390597
-0.04296018
-0.04384290
-0.05939023
-0.07813139
-0.05974699
-0.10655019
-0.07078595
-0.08380821
-0.09348259
-0.03680881
-0.04847535
-0.09744371
-0.10760435
-0.07453407
-0.10145933
-0.12762222
-0.09529767
-0.07133246
-0.08824754
-0.09129804
-0.08786131
-0.07508015
-0.05699964
-0.05219739
-0.06039948
-0.07061816
-0.08532283
-0.06792656
-0.06370293
-0.07158359
-0.08702375
-0.10964625
-0.07046307
-0.07619818
-0.08347579
-0.11116695
-0.12124799
-0.09253530
-0.06927840
-0.07968795
-0.06501026
-0.08685745
-0.06104689
-0.05137207
-0.07041837
-0.01436319
-0.07467771
-0.02125227
-0.04691738
-0.10724748
-0.06487647
-0.03719941
-0.05768405
-0.06567963
-0.10873467
-0.09547277
-0.05916729
-0.06107588
-0.09256888
-0.04939508
-0.09763402
-0.05148436
-0.05118456
-0.04802204
-0.05615155
-0.03186888
-0.06465752
-0.09970517
-0.06700528
-0.10407448
-0.06114566
-0.06232191
-0.08184983
-0.10131367
-0.09145564
-0.08212148
-0.07411776
-0.02933227
-0.05258274
-0.08542502
-0.05112124
-0.03851195
-0.00511900
-0.01807081
-0.03634929
-0.02318612
-0.02197072
-0.03414104
-0.02795435
-0.02931808
-0.05146091
-0.04755617
-0.06167204
-0.05152693
-0.10558363
-0.06482077
-0.09937867
-0.08961960
-0.04879490
-0.07582829
-0.08912401
-0.08971934
-0.03280619
-0.04364184
-0.10263164
-0.06361021
-0.09265827
-0.09273484
-0.11562119
-0.04914691
-0.03580128
-0.06650362
-0.06760050
-0.06050954
-0.05122714
-0.05361031
-0.05130482
-0.06400434
-0.05582989
-0.04060514
-0.02942347
-0.03785765
-0.07608224
-0.09155710
-0.11473111
-0.11009928
-0.09472314
-0.09512378
-0.11103079
-0.12212104
-0.05660548
-0.10397185
-0.11825197
-0.11369587
-0.07812092
-0.11605433
-0.07937034
-0.10014237
-0.05271868
-0.07949816
-0.06393265
-0.07334375
-0.09245494
-0.08447425
-0.07054488
-0.04153119
-0.05998454
-0.06457399
-0.11552373
-0.08340509
-0.06236269
-0.08995017
-0.05787387
-0.05848149
-0.06233009
-0.07279600
-0.01989416
-0.02184350
-0.05599242
-0.06425048
-0.03569796
-0.07756133
-0.07899538
-0.11424531
-0.08149878
-0.07767814
-0.11179547
-0.09879346
-0.10644124
-0.10027347
-0.12226625
-0.09707341
-0.12382824
-0.09233904
-0.08555889
-0.08607457
-0.08282477
-0.06413142
-0.03833038
-0.08856823
-0.05922554
-0.06235123
-0.08657494
-0.08646481
-0.03356604
-0.06734914
-0.07572478
-0.07607365
-0.07352936
-0.05497721
-0.07716623
-0.05439966
-0.04634041
0.01056119
-0.00896728
0.02566370
0.00997332
-0.02300933
-0.04938730
-0.05517498
-0.04837596
-0.07117108
-0.05844280
-0.09145061
-0.04818225
-0.09700331
-0.09374372
-0.05644990
-0.03366147
-0.07475612
-0.09344850
-0.07292827
-0.04417250
-0.07198182
-0.09589038
-0.11028233
-0.11896052
-0.11919497
-0.10147599
-0.11155739
-0.11044566
-0.09741928
-0.10636933
-0.09074376
-0.09178895
-0.07474476
-0.08043565
-0.05469373
-0.09240646
-0.07323521
-0.03933080
-0.02827674
-0.06920910
-0.04980646
-0.04062622
-0.06120397
-0.09390214
-0.07794730
-0.07250183
-0.07539984
-0.09140657
-0.09247836
-0.10655920
-0.10646956
-0.10509249
-0.10862125
-0.10274035
-0.11778936
-0.04443308
-0.05063497
-0.07483141
-0.08417864
-0.08295501
-0.08563633
-0.10249651
-0.06660901
-0.04470475
-0.07030255
-0.03801032
-0.02917382
-0.06033115
-0.05230886
-0.06490299
-0.01225743
-0.05527808
-0.05907876
-0.03052103
-0.06067630
-0.05673301
-0.06572947
-0.02905055
-0.04960399
-0.05276471
-0.05290988
-0.05342600
-0.08704360
-0.10086558
-0.06652027
-0.09149153
-0.05215970
-0.07012863
-0.07363728
-0.12636065
-0.07048918
-0.07539544
-0.10106719
-0.05494810
-0.05359898
-0.07068638
-0.05431814
-0.06462225
-0.02235171
-0.07160658
-0.04434644
-0.04642048
-0.05472038
-0.03718150
-0.03478998
-0.03295901
-0.03506131
-0.02519055
-0.06087693
-0.04684791
-0.06302246
-0.00776690
-0.05562732
-0.05570296
-0.06133676
-0.08276382
-0.07017443
-0.05254202
-0.09240943
-0.07236169
-0.06935235
-0.08753023
-0.09938166
-0.09404863
-0.14278759
-0.14245208
-0.18046008
-0.11474768
-0.17042625
-0.11447538
-0.13615006
-0.13706146
-0.12487099
-0.10075728
-0.08732510
-0.08328823
-0.09301698
-0.08555458
-0.07442825
-0.06986450
-0.08170953
-0.11933205
-0.08413741
-0.12205708
-0.10190063
-0.08627740
-0.04663582
-0.05701876
-0.06578092
-0.05316630
-0.09035253
-0.05822569
-0.11131342
-0.06735295
-0.06610603
-0.05197613
-0.06415784
-0.05633953
-0.07482427
-0.10181314
-0.06948030
-0.09843372
-0.08872498
-0.08804199
-0.09760222
-0.09028868
-0.10046935
-0.12541713
-0.10743126
-0.08646737
-0.07825567
-0.07707406
-0.05457839
-0.07356195
-0.06907904
-0.04147575
-0.06282843
-0.01766504
-0.02599076
-0.04840359
-0.10603017
-0.06404057
-0.05494003
-0.05275086
-0.07869054
-0.10886844
-0.11642002
-0.10084153
-0.12197220
-0.10016752
-0.10561454
-0.10543568
-0.14005634
-0.13608535
-0.16338846
-0.09856876
-0.13565961
-0.15685186
-0.10177846
-0.15728717
-0.13861595
-0.11921868
-0.10448749
-0.10060464
-0.09841978
-0.12001295
-0.09404604
-0.09926841
-0.11329188
-0.11116973
-0.06536391
-0.11036950
-0.08758382
-0.08866024
-0.09006635
-0.09265690
-0.08681612
-0.10292752
-0.10139462
-0.06311183
-0.11946606
-0.09801171
-0.10543614
-0.12150338
-0.13036372
-0.12481497
-0.10740749
-0.15948524
-0.14052375
-0.10402200
-0.11788725
-0.13908811
-0.12858351
-0.12070379
-0.15330462
-0.13255054
-0.17123514
-0.17698300
-0.12272735
-0.17136210
-0.15515658
-0.14763577
-0.13641945
-0.14035451
-0.13630348
-0.12558465
-0.12574126
-0.09766009
-0.07572709
-0.04658484
-0.05804238
-0.04027891
-0.03610682
-0.08752022
-0.06372050
-0.10038245
-0.13179421
-0.15120274
-0.11230925
-0.08045723
-0.10938777
-0.10107929
-0.14537619
-0.15245233
-0.13237633
-0.14882325
-0.14117406
-0.12663665
-0.12314084
-0.11145496
-0.09695523
-0.09620310
-0.15522493
-0.11413343
-0.14311573
-0.12112755
-0.16494684
-0.13523702
-0.11406156
-0.13187729
-0.08363476
-0.10668584
-0.09788926
-0.11000306
-0.05173328
-0.08262846
-0.08461489
-0.06984122
-0.09690527
-0.07662279
-0.12768467
-0.08451872
-0.11474430
-0.08929703
-0.12105602
-0.09226957
-0.10754360
-0.14298056
-0.11636502
-0.14754348
-0.16260874
-0.15293774
-0.16763414
-0.13468894
-0.15398723
-0.17125754
-0.19987491
-0.18245615
-0.16589192
-0.21311441
-0.17892653
-0.15584502
-0.15617739
-0.10576040
-0.10911465
-0.13053446
-0.06774248
-0.08927646
-0.10590108
-0.06832239
-0.08972299
-0.11701543
-0.10148227
-0.09456079
-0.12921742
-0.12202195
-0.14603849
-0.14470938
-0.13023497
-0.13461559
-0.12891690
-0.12880531
-0.12533945
-0.09783807
-0.10926888
-0.12942833
-0.15631038
-0.15096726
-0.15224165
-0.17548357
-0.18443547
-0.18815979
-0.16432846
-0.16480041
-0.17327863
-0.16244398
-0.15762118
-0.13815300
-0.09672698
-0.08661675
-0.15925142
-0.10036538
-0.09513585
-0.12504637
-0.11166476
-0.13469985
-0.13914323
-0.11158157
-0.08802666
-0.05710123
-0.06505194
-0.04183165
-0.04790693
-0.03276382
-0.05950686
-0.04599533
-0.05909956
-0.06406987
-0.06608108
-0.09337339
-0.12060722
-0.12716925
-0.11906347
-0.14188007
-0.11814168
-0.15775339
-0.17084381
-0.17203790
-0.16217300
-0.19179785
-0.18587413
-0.13889149
-0.12944530
-0.11951429
-0.13612823
-0.15169495
-0.14284395
-0.15470310
-0.12879050
-0.08641630
-0.10076290
-0.10532027
-0.09699480
-0.06220432
-0.08542661
-0.09513122
-0.11711209
-0.08923114
-0.09868395
-0.07384749
-0.09601554
-0.08401868
-0.08138751
-0.08526168
-0.07607342
-0.07261258
-0.11814355
-0.11393973
-0.10573570
-0.09965237
-0.11228592
-0.12533325
-0.10150712
-0.09615281
-0.12288683
-0.10961607
-0.13552810
-0.10107557
-0.12263257
-0.10614391
-0.10946427
-0.09280465
-0.09251191
-0.09878071
-0.08343102
-0.05835685
-0.06501110
-0.03865586
-0.03264551
-0.07023968
-0.06527016
-0.07675733
-0.10697994
-0.05813041
-0.09303898
-0.05485065
-0.05359229
-0.08981764
-0.09266930
-0.08025287
-0.07336828
-0.07120240
-0.07186170
-0.10168148
-0.09395679
-0.04279111
-0.08726086
-0.05510258
-0.04706388
-0.06756617
-0.11678667
-0.05321732
-0.09029691
-0.11736721
-0.13416493
-0.14398980
-0.10510848
-0.07500754
-0.09531527
-0.09440784
-0.06255835
-0.02592218
-0.03703661
-0.01097780
-0.02075351
0.01073754
0.03090283
0.04156877
-0.01120093
0.00079118
0.00836229
0.04567073
0.00857570
0.03567822
0.04943718
0.03205108
0.02941988
0.07917081
0.01109674
0.03077279
0.03235586
0.00126283
-0.02151693
0.00211491
0.00048150
-0.02627872
-0.05626342
-0.04601122
-0.06680275
-0.07495051
-0.09236592
-0.25470480
-0.33550993
-0.68098468
-0.21546160
0.22295888
0.45705003
0.30383208
0.22467428
0.08519587
0.09582163
0.06039193
0.03943163
0.05602726
0.10886047
0.05498638
0.02996519
0.05415039
0.00898299
0.04027722
-0.02629989
-0.01861365
-0.05545362
-0.03700129
-0.02330961
-0.00186390
-0.01354571
-0.00822518
0.00787047
0.02504867
0.02361185
-0.00654639
0.01970015
0.01377539
0.03547497
0.00740744
0.01141702
0.05608689
-0.00340889
0.07835460
0.10121498
0.09272390
0.08619055
0.10440217
0.09347004
0.08282296
0.09189357
0.08428527
0.07229309
0.05883817
0.06971880
0.06486995
0.08414310
0.06284425
0.05595156
0.06857467
0.05035353
0.03324052
0.04625056
0.01203677
0.05014500
0.05816368
0.06626436
0.06836095
0.06397709
0.09259845
0.08180573
0.09017529
0.08679552
0.08421908
0.05153130
0.10584547
0.05501787
0.06720041
0.09193271
0.08480866
0.09634691
0.09423185
0.11822817
0.11779949
0.07320489
0.09509632
0.09241200
0.10476200
0.07300542
0.10003320
0.12628053
0.12574771
0.11687522
0.12665176
0.07687917
0.10881756
0.12433099
0.12339935
0.11441203
0.11777071
0.12029380
0.12653702
0.12499972
0.11392987
0.10364361
0.11829420
0.09377173
0.04154469
0.11154909
0.07483858
0.07678107
0.11018474
0.14645472
0.11535924
0.15504986
0.09723183
0.07776979
0.07724112
0.10786980
0.09056289
0.11701622
0.13600038
0.13009611
0.12253518
0.14882159
0.21996367
0.15870798
0.17398781
0.12612469
0.15192313
0.11997192
0.09685736
0.12280039
0.08963016
0.11206565
0.06867744
0.04626945
0.06887431
0.05481727
0.01206375
0.03351239
0.03057252
0.03250115
0.04984865
0.06939874
0.10373261
0.11056072
0.10764796
0.10663135
0.07275116
0.09525195
0.13539518
0.08950540
0.10819479
0.10380258
0.08289037
0.10818630
0.08727425
0.12201913
0.11589407
0.13354157
0.13437617
0.12993799
0.13131408
0.16030107
0.11841851
0.17772144
0.17048268
0.12561993
0.12235539
0.12655655
0.11764663
0.12447748
0.10452625
0.07236296
0.09472695
0.07791853
0.04815688
0.07823818
0.06331249
0.10546827
0.08696177
0.11084965
0.08867250
0.11743128
0.14166497
0.13765082
0.10944873
0.08960781
0.09542570
0.11883960
0.12199085
0.12038040
0.13075896
0.11722797
0.15617512
0.15786910
0.16159678
0.13802882
0.14229143
0.13802806
0.14360307
0.16533364
0.13574673
0.11788119
0.11500984
0.08352727
0.09796623
0.12639093
0.09596501
0.12246092
0.09723379
0.07016826
0.07383440
0.06502362
0.08388440
0.07903652
0.07648180
0.10696081
0.08354186
0.10080133
0.11050679
0.15958664
0.12333877
0.11740516
0.11933263
0.06503687
0.07098141
0.06478354
0.06945837
0.03690302
0.04177093
0.03835389
0.08994934
0.11048034
0.10534673
0.14244711
0.10124280
0.12882639
0.12675153
0.14306270
0.10821359
0.15515304
0.09676994
0.10211468
0.12317000
0.06192123
0.08963020
0.08593654
0.07180898
0.04121372
0.03874876
0.05559846
0.05317653
0.04848455
0.06727514
0.08168448
0.13175207
0.09861489
0.10234925
0.07744016
0.11488848
0.09269952
0.10117914
0.12228075
0.15361477
0.09892969
0.09835011
0.13337062
0.11283123
0.09659077
0.11296973
0.10482862
0.08972624
0.08504903
0.07889239
0.09260384
0.07411407
0.10134201
0.10290776
0.09177196
0.10513453
0.14046083
0.12202037
0.12010843
0.10937514
0.10005508
0.10332281
0.10332990
0.07401178
0.07370364
0.09941414
0.10671912
0.07550199
0.07418269
0.08114120
0.07655722
0.10404548
0.10659835
0.14398041
0.13951606
0.11254016
0.12218269
0.11878611
0.13910963
0.12675861
0.11183763
0.10307425
0.12073598
0.09113447
0.11796356
0.10478328
0.09140953
0.11415710
0.07170190
0.08902098
0.04656590
0.07186266
0.04492887
0.05637894
0.06085050
0.02111294
0.04575718
0.04541380
0.03651506
0.02392909
0.04112958
0.03576644
0.08169663
0.09173647
0.08980589
0.10154979
0.10983302
0.08805063
0.07139726
0.11757016
0.09451308
0.10273763
0.10035603
0.04295852
0.08176341
0.05621778
0.05594317
0.04633132
0.05466423
0.10221765
0.08606671
0.12264583
0.08990300
0.10091117
0.10068006
0.12282127
0.11875118
0.13125964
0.12436715
0.13099995
0.14935325
0.08911422
0.14212297
0.12242556
0.09906086
0.16292436
0.11210639
0.06528097
0.10066909
0.09882535
0.07557117
0.10065034
0.07099650
0.09612574
0.08218049
0.07493771
0.07125503
0.12335196
0.08654226
0.09108933
0.10205860
0.11005648
0.09901423
0.07350996
0.10063131
0.09746351
0.11121622
0.10589036
0.12338433
0.13589008
0.09833504
0.13221790
0.05848830
0.05198640
0.07542814
0.07003729
0.03417470
0.07037821
0.06106528
0.07249951
0.09575244
0.08893707
0.11492643
0.09969830
0.10810418
0.07346499
0.10575579
0.10077927
0.09688357
0.09081945
0.07931701
0.05939400
0.05741226
0.10475017
0.09997901
0.06371726
0.05937042
0.08730166
0.12686478
0.08078137
0.09432138
0.14050145
0.14264052
0.10756202
0.09813698
0.09005553
0.09026867
0.10561082
0.08745946
0.07382440
0.03891924
0.06576165
0.02737654
0.00480518
-0.00241060
0.05230900
0.02558129
0.05402563
0.08144676
0.09003769
0.05993225
0.08366061
0.11968436
0.11747150
0.09672812
0.12789783
0.12356839
0.09983709
0.11908888
0.12493723
0.09941490
0.12607799
0.11845793
0.09819564
0.11430161
0.12994145
0.10709359
0.11226151
0.14062105
0.10186193
0.09135562
0.06467979
0.05664182
0.08269403
0.09184966
0.07926071
0.06921868
0.08728912
0.11761188
0.07298262
0.08782934
0.07667296
0.12066245
0.10385242
0.09117446
0.09364134
0.13932842
0.12441412
0.11615973
0.13753429
0.13865778
0.13164410
0.09273586
0.15578973
0.10929291
0.10193033
0.08771078
0.08165193
0.08245640
0.12581307
0.09354699
0.10767652
0.06363153
0.12200313
0.05845682
0.07396941
0.06204800
0.07791533
0.07940692
0.09318974
0.11311331
0.10346706
0.06699576
0.10640539
0.04077567
0.06439062
0.05798395
0.07313406
0.07768086
0.08023854
0.10271771
0.07947697
0.08343053
0.07070491
0.08504670
0.13540354
0.12418023
0.17072062
0.13568288
0.13058567
0.14162153
0.10644015
0.10578524
0.11893453
0.11603874
0.07881147
0.08034990
0.09702107
0.10733844
0.09110974
0.11490428
0.11182311
0.05175872
0.07592702
0.09396109
0.11065175
0.10497522
0.11289051
0.08726995
0.10448786
0.05196537
0.09095751
0.04559695
0.03904009
0.01230498
0.01822102
0.01206476
0.06277519
0.07097223
0.08211193
0.08529621
0.11168060
0.09604311
0.11866767
0.12828864
0.12684086
0.10256451
0.10986282
0.10537618
0.08048391
0.09098042
0.08253462
0.08066154
0.10427166
0.10525255
0.12230340
0.12728186
0.14265597
0.12519476
0.15435129
0.10381750
0.12274680
0.11471350
0.14120848
0.08924818
0.09713238
0.08650543
0.11561128
0.05253725
0.05778491
0.06209223
0.05565968
0.06684687
0.10196071
0.06000923
0.08043159
0.06669727
0.12299591
0.10075200
0.11399473
0.13414656
0.12133699
0.14420736
0.12619597
0.13388179
0.12974919
0.09155128
0.06418236
0.07721003
0.08040826
0.09728303
0.05444150
0.10504790
0.11318101
0.10893831
0.11069990
0.04657783
0.06141116
0.08322102
0.08415716
0.08070575
0.06922653
0.04987950
0.06389551
0.07019138
0.08274756
0.06982774
0.06608139
0.07849737
0.08974300
0.06184665
0.05323076
0.08557480
0.08980718
0.09604969
0.11606936
0.07279529
0.10741591
0.08908629
0.11975825
0.12432761
0.11916645
0.12379789
0.09293207
0.10069673
0.12888974
0.11291298
0.05582249
0.09897145
0.07282569
0.08087832
0.03540263
0.08144456
0.10632388
0.08542909
0.08662692
0.07541831
0.05334336
0.05527153
0.06246813
0.07071523
0.03773225
0.07643971
0.06533132
0.07118070
0.06645085
0.10994935
0.10828324
0.06601220
0.11118147
0.11960497
0.09813120
0.10628414
0.10136399
0.12664387
0.15432240
0.12999786
0.15697153
0.18190676
0.16422939
0.19589901
0.16073596
0.16080159
0.11369301
0.15101951
0.13490579
0.10488279
0.11189502
0.10452567
0.10289317
0.10782543
0.06550381
0.08192142
0.09534897
0.12235986
0.13953198
0.09618484
0.12583458
0.13430446
0.11973377
0.06918422
0.11238676
0.10143556
0.08231610
0.09763835
0.11068381
0.12505604
0.12469710
0.10240390
0.09625214
0.11288123
0.11588323
0.08286516
0.10370589
0.09833979
0.11837038
0.15406704
0.12063926
0.12924346
0.14107838
0.14922538
0.12346876
0.10829698
0.11654875
0.11951511
0.07812485
0.10538539
0.14266294
0.12220825
0.09401403
0.06129710
0.08365816
0.06841759
0.09976745
0.10835131
0.11104491
0.10825352
0.11775177
0.13175490
0.15086010
0.10273609
0.17555255
0.17701870
0.12409005
0.14039719
0.13135782
0.16331883
0.14210773
0.16644002
0.16902643
0.15102248
0.15345593
0.15674715
0.13070016
0.12132479
0.18217412
0.16099955
0.11888397
0.10740269
0.12376070
0.13344930
0.11794484
0.11821358
0.12854794
0.09135252
0.10779335
0.09635322
0.10964340
0.12488737
0.17201453
0.13701718
0.17385648
0.11840928
0.17363252
0.18885140
0.19616584
0.14267080
0.17459416
0.17158966
0.20891717
0.16646251
0.18902874
0.17784458
0.19501658
0.17636681
0.15785712
0.18057767
0.18840832
0.19219945
0.19346829
0.21090756
0.24462320
0.21961419
0.20453803
0.21639043
0.21085277
0.14828049
0.17541288
0.17477854
0.13324204
0.15471971
0.11105482
0.13261868
0.07893129
0.12421750
0.13182431
0.13191986
0.11289474
0.10988990
0.16564418
0.14801759
0.13091475
0.11914667
0.18325825
0.15701711
0.16308896
0.15527639
0.19622692
0.19185674
0.21361420
0.17534965
0.19774503
0.21945263
0.16920775
0.16787623
0.14487341
0.16730013
0.15046737
0.18228629
0.13388933
0.19321266
0.15618160
0.15254712
0.15538031
0.14345294
0.12410172
0.12808548
0.15325361
0.09392115
0.11533749
0.11403687
0.12709919
0.14204137
0.13592410
0.12888999
0.13712962
0.17804183
0.17356490
0.16696399
0.14237538
0.17332968
0.18405995
0.16782187
0.18788075
0.19815601
0.20176277
0.24180722
0.21140113
0.23255229
0.27246371
0.23814245
0.22463620
0.24915747
0.22280043
0.17439425
0.23986809
0.15326513
0.16952124
0.12596576
0.13633806
0.10758211
0.10627774
0.13270777
0.12485193
0.15908562
0.14561027
0.14236942
0.14909072
0.16922173
0.16647705
0.18694052
0.15669049
0.19818860
0.16555482
0.14596838
0.17227778
0.16260865
0.18956847
0.16156256
0.15494180
0.21005613
0.23136646
0.21485157
0.23279303
0.20845200
0.22784376
0.19841325
0.17524622
0.16887917
0.14860727
0.15123580
0.14803070
0.13735957
0.15595742
0.13174519
0.16742966
0.17367001
0.13927282
0.17143469
0.17729747
0.12383116
0.14657365
0.11705428
0.12192345
0.06986776
0.06746896
0.13065583
0.08229946
0.12135540
0.10484300
0.11531065
0.15259039
0.11984347
0.11858903
0.14613502
0.16276915
0.16265126
0.18148325
0.17177120
0.21338177
0.23304477
0.24155758
0.21467155
0.23093547
0.18264082
0.16153404
0.16146751
0.14574289
0.12974486
0.16491832
0.16202341
0.14733915
0.14492825
0.14224732
0.14107193
0.08746587
0.10984968
0.13204081
0.11286812
0.11168176
0.11344054
0.12285564
0.08243186
0.11000454
0.13117352
0.12592120
0.13074997
0.15560725
0.14732850
0.16647981
0.16010612
0.12373371
0.12848906
0.18331183
0.12874073
0.12884825
0.17714211
0.14723809
0.15236981
0.14185821
0.15435569
0.15284519
0.12972754
0.14620762
0.13329770
0.12818991
0.11930593
0.09749696
0.08017903
0.08168723
0.05262901
0.05401854
0.09752774
0.08446690
0.07196845
0.07465860
0.07725284
0.08559576
0.10391705
0.06304185
0.10589565
0.12362899
0.10235251
0.10222109
0.09878114
0.05837938
0.05415602
0.08636765
0.04661761
0.10289843
0.09682219
0.08842413
0.07317576
0.09124783
0.13697273
0.14787738
0.13829345
0.14765725
0.14212348
0.14903106
0.08107117
0.14648812
0.06179668
0.07699427
0.05802443
0.01910431
0.03910398
0.00044452
0.00260620
0.00480567
0.03216590
0.01569232
-0.01382583
-0.00776024
-0.01044594
0.02834370
-0.03279120
-0.01384618
-0.05022531
-0.01438935
-0.04022430
-0.04327133
-0.02752711
0.01330002
0.00932363
0.03490767
0.03261494
0.04511430
0.02519589
0.03886827
0.01311563
0.15186270
0.06701426
0.30858767
0.30876747
0.70863307
0.61387599
-0.06311461
-0.09245670
-0.04266233
-0.03874499
-0.01451147
-0.00454736
0.01235241
0.00126276
-0.02458747
-0.01344251
0.02101766
-0.00165176
-0.01398806
0.02503168
0.00596859
0.00517846
0.01918946
-0.01890178
0.00215740
0.02061946
-0.01091032
0.03663087
0.01629473
-0.01142505
-0.03444119
0.01276868
-0.01440788
-0.00197596
0.01329207
-0.01552149
0.01243333
0.01353635
-0.01316504
-0.04518836
0.02014201
-0.00961669
-0.03193544
-0.00948518
0.01499494
-0.00659320
-0.03362823
-0.01128785
-0.00240648
-0.01250828
-0.02622627
-0.02646801
0.00611075
0.00128247
0.03318382
0.00843788
-0.00613784
-0.02961448
-0.01805108
-0.01496767
-0.00244567
0.01826805
0.00020348
-0.02798825
-0.00197003
0.01775273
0.01422187
0.01012724
-0.02121158
-0.02669514
-0.00750787
-0.00986152
-0.02342708
-0.04841485
-0.00825410
-0.00881377
0.00908872
0.03444093
-0.00033496
0.00168206
-0.02221787
-0.02383165
-0.01274163
-0.02185462
-0.01899044
-0.03321835
-0.03549692
-0.03719404
-0.00797440
-0.02130385
-0.01409158
0.02349380
-0.01414666
-0.01073772
-0.01616023
-0.03068283
-0.04501783
-0.02563329
-0.01918341
-0.03449401
-0.03503665
-0.00902425
0.01407452
0.01169610
-0.01176598
-0.04051793
-0.05555009
-0.03230974
-0.02536151
-0.04773107
0.00075059
-0.00813410
0.01604506
-0.03608522
-0.06092397
-0.00855017
-0.03754835
-0.01730962
-0.02335273
-0.02594713
-0.02044674
-0.03554735
-0.00863280
-0.02206697
-0.03862297
-0.02929695
-0.01683608
-0.00765619
-0.03721757
0.01391612
-0.04127845
-0.03970063
-0.00555935
-0.00732381
-0.02233323
-0.01164516
-0.01419185
0.01307898
-0.02661347
0.00264470
0.02397800
0.00468238
-0.01322095
-0.01147274
-0.02002615
0.02452060
0.02751615
-0.01231161
0.00244592
-0.02869933
0.02620331
-0.01548546
0.00040879
-0.02060486
0.00036202
0.01694710
0.01288002
-0.03480528
-0.02887095
-0.01574034
0.00492334
-0.02139369
-0.04057369
-0.03452400
-0.03788010
-0.00743618
-0.01102715
-0.03676354
-0.00068569
-0.05243029
-0.01313918
0.01468592
-0.01349564
-0.01384876
-0.01650247
0.00084884
-0.04822186
-0.01163319
-0.02445971
-0.03733664
-0.01700459
0.00265840
0.00515668
-0.03621031
-0.03127480
-0.01978055
-0.01438101
0.01785879
-0.04614761
-0.04874687
-0.03114187
-0.04332150
-0.02038360
-0.00049678
-0.03518721
-0.02003094
-0.00581514
-0.03855426
-0.01573741
-0.04040083
-0.01083018
-0.02570736
-0.04426950
-0.03114446
0.01989685
-0.04756040
-0.02043023
-0.04538555
-0.01696746
-0.03663442
0.01981578
-0.00081727
-0.03713297
-0.05214561
-0.01212157
0.00403449
-0.03053287
-0.01063201
-0.03010625
-0.04834414
-0.01699979
-0.02893211
-0.02027823
-0.02182468
0.02010678
-0.00603611
0.03818216
-0.05352586
-0.01894297
-0.01154341
-0.01290045
-0.00055682
-0.04175368
-0.03459061
-0.00348418
-0.00550350
-0.02262003
-0.04327082
0.01484948
-0.03438572
0.02191403
-0.02309782
0.00566955
0.01847244
-0.02110714
-0.01536596
-0.01902134
-0.03010135
-0.01572330
-0.00848226
-0.04363528
-0.00848181
-0.02875355
-0.03726961
0.00280310
-0.04951286
-0.01201868
-0.02353631
-0.03908374
-0.03928673
-0.01115383
0.00122846
-0.05468063
-0.00910962
-0.03010691
-0.02078272
-0.02142679
0.00303880
-0.05461678
-0.03390230
-0.00961410
-0.05268668
-0.02898687
-0.01013395
-0.00815337
-0.01312033
-0.02578247
-0.02617284
0.00084885
-0.05082910
-0.01978249
0.01455992
-0.04322704
-0.04938123
-0.02434820
-0.02371946
-0.05326064
-0.01650043
-0.00969473
0.00511942
-0.01581922
-0.04747075
-0.00339112
-0.00206790
0.01199448
-0.03345464
-0.02518173
-0.02395313
-0.01028891
-0.02514362
-0.02786481
-0.03745285
-0.03237634
-0.04942283
-0.02534434
-0.02543481
0.01470494
0.00600369
-0.03343001
-0.03374103
-0.03929292
-0.04420229
-0.00416249
-0.02409692
-0.01277146
0.00179942
-0.00220991
-0.00867649
0.01509201
-0.02488885
0.00417691
-0.04801988
-0.03469539
-0.02684860
-0.03920402
-0.02824192
-0.00845735
-0.01416481
-0.02134954
-0.02093314
-0.03405944
-0.01999623
-0.03142881
-0.00989519
-0.03593728
-0.02873378
-0.00848651
-0.02571783
-0.01434284
0.02264506
-0.01503024
-0.01855524
-0.00899693
0.00335641
-0.01084826
-0.04022149
-0.06380255
-0.02158423
-0.03184671
-0.00872993
-0.05286112
-0.05438957
-0.00236809
-0.02848057
-0.03233686
-0.00527159
-0.02124513
0.01027850
-0.06276006
-0.02884206
-0.02277130
0.00332896
-0.00352220
0.00382602
-0.01900446
-0.04016493
-0.01155012
-0.02226193
-0.02745438
-0.02830453
-0.00420079
-0.02017706
-0.03955283
-0.00784586
-0.04181995
-0.05541120
-0.02636149
0.00760270
-0.02561987
-0.02877387
-0.05115877
0.00890554
-0.03016951
-0.01704432
0.01695758
-0.00425803
-0.02020725
-0.01959622
-0.02198531
-0.01761360
0.00873760
0.00017989
-0.02272179
-0.01374422
-0.01591266
-0.03280631
0.00105918
-0.05323519
-0.03673326
-0.00816027
-0.02205635
-0.03426701
-0.00632686
-0.02680023
-0.05583588
0.00472319
-0.02660514
-0.01809816
-0.04263732
-0.02462419
-0.04405390
0.00463910
-0.02638477
-0.00500651
-0.02285828
0.00721974
-0.01457234
-0.04793649
-0.03848320
-0.03973266
-0.00196654
-0.01448030
-0.03391976
-0.05426341
0.03126575
0.00788292
0.01851718
0.00000714
-0.02936557
-0.02673768
-0.00731085
-0.01931283
-0.01440206
-0.02546408
-0.00640843
-0.02527477
-0.04451066
-0.00386709
-0.02944946
-0.02735407
-0.01820616
-0.02943480
-0.01626140
-0.04333766
-0.03104669
-0.05288280
-0.02421288
-0.04678019
-0.00803165
-0.02044989
0.00063685
-0.00901690
-0.03589579
-0.01056940
0.00187972
0.00193797
-0.02297969
-0.02619750
0.00108235
-0.01702309
-0.00123523
-0.01446286
0.00269619
-0.01748236
0.01017540
-0.00437120
-0.01365704
-0.00874914
-0.02709863
-0.03505575
-0.02953910
-0.03429851
-0.05351144
-0.01837009
0.00817852
-0.06676208
-0.00948358
-0.00659018
-0.02116584
-0.01517569
-0.01184798
0.01287457
0.01500147
-0.01791140
-0.01714774
-0.02874577
-0.03020733
-0.05367100
-0.04661614
-0.04491863
-0.04131634
-0.01883611
-0.03083823
-0.02119984
-0.01787540
0.01768132
-0.00880151
-0.04367002
-0.01521470
-0.01321087
-0.02006383
-0.00594905
-0.01851814
-0.03472247
0.01823854
-0.04076659
-0.04990121
-0.02068010
-0.04151236
-0.05329838
-0.02778655
-0.05681263
-0.04787847
-0.03498392
-0.05809848
-0.03273763
-0.03520906
-0.01289040
-0.02424159
-0.02114495
-0.01241593
-0.03063881
-0.03364953
-0.00878042
-0.02172062
-0.02151177
-0.03082495
-0.02982045
-0.03296930
0.00111834
-0.00156545
-0.03942645
-0.00092036
-0.03781601
0.00148378
0.00136547
0.00700598
-0.01282350
-0.03134909
-0.02513075
-0.01774467
-0.04108527
-0.01726848
0.00368184
-0.00919938
-0.01330113
0.00932762
0.00526699
-0.00733818
-0.00883885
-0.01894662
-0.01455515
0.00613524
-0.01790192
-0.00211812
-0.03396086
-0.01872918
-0.03632091
-0.04500917
-0.02097332
-0.03223840
-0.03138788
0.00938328
-0.02150344
-0.03027670
0.01052567
-0.00978852
0.00000520
-0.04290767
-0.01758701
-0.02313121
-0.00372145
-0.02401715
-0.00421743
-0.01711848
-0.00958328
-0.01343339
-0.03269075
-0.00871257
-0.02955155
0.01241510
-0.02842548
-0.01895342
-0.01990179
-0.04524463
-0.03936651
0.00411558
-0.05291061
-0.01383185
-0.05119302
-0.01533866
-0.03636699
-0.02925644
-0.05150664
-0.00717185
-0.03020506
-0.00638104
-0.05324399
-0.05543756
-0.03605775
-0.06830648
-0.02197501
-0.02688210
-0.03043559
0.00696854
-0.01663331
-0.01333275
0.00087239
-0.01584073
0.00197983
0.00446727
-0.01421379
-0.05168534
0.01022782
-0.02463954
-0.01105122
-0.02271835
0.00326162
-0.02175993
-0.04026232
-0.02585407
-0.00651255
-0.01530458
-0.01294321
-0.04625497
-0.03145657
-0.01121397
-0.04593695
-0.03096331
-0.02725744
0.00162305
-0.01215011
-0.03701676
-0.01005974
-0.01221180
-0.01226536
-0.00246934
-0.01686931
-0.03968195
-0.00129289
-0.02933169
-0.02084131
-0.02600823
-0.02797554
-0.01011570
-0.02878990
-0.01471970
-0.02973218
-0.03112567
-0.00426663
-0.04094724
-0.05220634
-0.01283885
-0.00231114
0.01583220
-0.01880877
-0.00453248
-0.07270356
-0.04166739
-0.04613876
-0.02758165
-0.04889060
-0.00857134
-0.02920928
-0.04251204
-0.04211780
-0.02371844
-0.02700869
-0.03848087
-0.02525456
-0.03096734
-0.05041233
0.00759534
-0.02281137
-0.04478752
-0.00101830
-0.00611652
-0.04423415
-0.03065166
-0.01423289
-0.06024786
-0.03842016
-0.03111334
-0.00824960
0.00151896
-0.04024583
-0.01204831
-0.03603505
-0.02097846
-0.01125346
-0.03813556
-0.03884788
-0.05489688
-0.04434663
-0.01057348
-0.02979597
-0.02586909
-0.01606566
0.01438159
-0.02904540
-0.00057332
-0.02410562
-0.03104371
-0.03085600
-0.01922703
-0.01564053
-0.04242786
-0.02770247
-0.01592967
-0.04712763
-0.03003962
-0.01205165
-0.00859875
-0.04545186
-0.03866655
-0.04187476
-0.00297325
-0.00561444
-0.06173230
-0.00929294
-0.00828874
-0.01281642
-0.06135918
-0.04100026
-0.05362967
-0.04710873
-0.04791620
-0.05481990
-0.00615225
0.00371291
-0.00121933
-0.04082814
0.00137899
-0.04279483
-0.04522341
-0.02263727
0.00124002
-0.01601195
-0.01744607
-0.05344328
-0.04816073
-0.01953997
-0.01937865
-0.01393682
-0.04343085
-0.02878269
-0.05990031
-0.05619615
-0.01562774
-0.03205475
-0.03954358
-0.06000077
-0.06347300
-0.03028250
-0.05429246
-0.02334398
-0.05968893
-0.05175378
-0.02766672
-0.07382387
-0.04746279
-0.06355729
-0.06668314
0.00526511
-0.02765637
-0.03525936
-0.05048632
-0.02699187
-0.02236237
-0.04545890
-0.05665603
-0.02736690
-0.01986237
-0.05628515
-0.02245031
-0.02663437
-0.04135171
-0.04722608
-0.05683308
-0.04858838
-0.05643822
-0.08080757
-0.02132978
-0.05827308
-0.02803654
-0.03878437
-0.04194521
-0.03267540
-0.05652480
-0.03886344
-0.02993293
-0.02149874
-0.05131183
-0.04161014
-0.01597819
-0.04591509
-0.02314492
-0.08650827
-0.05693199
-0.05460960
-0.06312664
-0.03752207
-0.02650680
-0.03309306
-0.02701291
-0.04648307
-0.02358131
-0.05469297
-0.08554371
-0.04945968
-0.06469353
-0.05077713
-0.04456365
-0.06278530
-0.03327038
-0.05476198
-0.04755858
-0.02467392
-0.04575819
-0.03172716
-0.02359110
-0.04848841
-0.03701263
-0.03759250
-0.01037362
-0.03740587
-0.02312306
-0.02088513
-0.06112109
-0.03347014
-0.08132669
-0.04690643
-0.04702112
-0.01758037
-0.04133557
-0.01990164
-0.06623493
-0.04228476
-0.06113712
-0.02741167
-0.04433525
-0.02429561
-0.03451663
-0.08579345
-0.08206472
-0.06341893
-0.05926079
-0.03749906
-0.07312540
-0.05109682
-0.04553389
-0.04208651
-0.04445580
-0.05031663
-0.03388558
-0.02223965
-0.01942094
-0.02227487
-0.03722105
-0.05129372
-0.06148473
-0.04993525
-0.00929178
-0.04034148
-0.05000557
-0.04084037
-0.03336789
-0.02172409
-0.02023903
-0.04593668
-0.04273869
-0.04588552
-0.03838928
-0.07551714
-0.01133224
-0.05673259
-0.07326806
-0.04448422
-0.00208651
-0.01129869
-0.02924765
-0.02609138
-0.04051270
-0.03276932
-0.03338998
0.00399892
-0.02650636
-0.02903665
-0.06171964
-0.04110477
-0.02993110
-0.00900143
-0.03320663
-0.05971602
-0.02194821
-0.00860922
-0.02914998
-0.03213358
-0.04895730
-0.04418559
-0.01106024
0.00047012
-0.07158914
-0.05353827
0.00109672
-0.05144575
-0.03758077
-0.05204215
-0.02465571
-0.02813344
-0.00544226
-0.03693308
-0.01769063
-0.02458663
-0.03814000
-0.02354528
-0.05727105
-0.06514640
-0.04332811
-0.04154008
-0.03474230
-0.04593930
-0.06290242
0.00406606
-0.00470619
-0.01838939
-0.02952145
-0.02132559
-0.03175440
-0.03295752
-0.05409313
-0.04952074
-0.03314375
-0.02678218
-0.02366463
-0.02118494
-0.02219366
-0.04167733
-0.02170134
-0.04923432
-0.02476246
-0.05210032
-0.02461826
-0.04411400
-0.05226288
0.01012710
-0.03440050
-0.05514492
-0.01045098
-0.00611068
-0.04505859
-0.04921307
-0.05823282
-0.00818991
-0.03872215
-0.04384671
-0.03766396
-0.03594106
-0.00904310
-0.01429418
-0.04011653
-0.00950954
-0.01147787
0.00869404
-0.04194009
-0.04178956
-0.00548532
-0.02907317
-0.00077131
-0.01341276
-0.01073507
-0.03670618
-0.03584163
-0.02414002
0.01942098
-0.00629701
-0.03563587
-0.02484791
-0.05134580
-0.03006000
0.02716280
-0.01121131
-0.02847135
-0.06120608
-0.02458483
-0.04640606
-0.03331573
-0.02915551
-0.04292522
-0.00461373
0.00513698
-0.04660716
-0.03119006
0.00823572
-0.02568995
-0.02443155
-0.01407216
-0.00609106
0.00754286
-0.01750532
0.01029884
-0.01664560
0.01014220
-0.01293431
-0.00535621
-0.00149648
0.00878525
0.02235792
0.00636642
-0.03143013
-0.00282480
-0.01314491
-0.02134068
0.00767294
0.01974279
-0.01633026
-0.02169696
-0.01657447
-0.03444587
-0.02908228
-0.02836111
-0.02828161
-0.01299871
-0.03347288
-0.03010694
-0.05421081
-0.09428048
-0.08011355
-0.20521927
-0.03984117
