-0.00108753
0.00546934
-0.01343746
-0.00190463
-0.00809135
0.00104514
-0.00209368
0.00074745
-0.00138749
-0.00145680
-0.00310709
-0.00164212
-0.00211541
-0.00038804
-0.00204776
-0.00045910
-0.00167438
0.00148883
-0.00150821
-0.00117160
0.00112982
0.00155399
-0.00093973
-0.00040026
-0.00219396
-0.00092122
-0.00018228
-0.00170891
-0.00203419
-0.00133690
0.00003932
-0.00063766
-0.00093267
-0.00025192
-0.00157871
-0.00051451
-0.00146671
-0.00252623
-0.00249078
-0.00314569
-0.00219596
-0.00087042
-0.00058053
-0.00023881
-0.00315239
-0.00148356
-0.00072907
-0.00210088
0.00048212
-0.00174458
-0.00105296
-0.00178764
-0.00065148
-0.00142751
-0.00106102
-0.00091408
-0.00079815
-0.00229746
-0.00066341
-0.00191316
-0.00138931
-0.00354143
-0.00176897
-0.00284186
-0.00274054
-0.00184814
-0.00230251
-0.00135944
-0.00268009
-0.00317894
-0.00228773
-0.00285393
-0.00265719
-0.00235178
-0.00151354
-0.00283358
-0.00195540
-0.00287356
-0.00117108
-0.00335734
-0.00416470
-0.00323854
-0.00292726
-0.00119734
-0.00291735
-0.00240912
-0.00392514
-0.00436688
-0.00311248
-0.00165133
-0.00093904
-0.00272518
0.00027153
-0.00238347
-0.00235367
-0.00177806
-0.00276374
-0.00168198
-0.00236751
-0.00211807
-0.00238628
-0.00241352
-0.00244943
-0.00285571
-0.00408750
-0.00222223
-0.00315816
-0.00321593
-0.00389386
-0.00164733
-0.00291678
-0.00249931
-0.00125452
-0.00177386
-0.00127029
-0.00316512
-0.00351335
-0.00322862
-0.00477157
-0.00394250
-0.00492835
-0.00382102
-0.00443084
-0.00347538
-0.00118607
-0.00154187
-0.00217471
-0.00068927
-0.00089399
-0.00148116
-0.00053116
-0.00050186
-0.00277415
-0.00143583
-0.00243561
-0.00324744
-0.00272730
-0.00412500
-0.00352557
-0.00318024
-0.00156158
-0.00186607
-0.00277211
-0.00370072
-0.00383447
-0.00346611
-0.00243776
-0.00199325
-0.00214813
-0.00140415
-0.00181337
-0.00182198
-0.00321134
-0.00283058
-0.00223738
-0.00344494
-0.00277028
-0.00247178
-0.00211498
-0.00283218
-0.00006279
-0.00250696
-0.00122083
-0.00100737
0.00039408
0.00038623
-0.00100872
0.00013466
0.00032833
-0.00129127
-0.00197798
-0.00146406
-0.00104966
-0.00140348
-0.00174585
-0.00050320
-0.00192805
-0.00085824
0.00008712
-0.00087874
0.00002848
-0.00148095
-0.00174122
-0.00143266
-0.00101281
-0.00212219
-0.00246513
-0.00313026
-0.00355547
-0.00138167
-0.00195158
-0.00331853
-0.00445544
-0.00198730
-0.00274753
-0.00401904
-0.00268121
-0.00194128
-0.00299526
-0.00283195
-0.00117489
-0.00239494
-0.00054338
-0.00122710
-0.00107236
-0.00127838
-0.00100625
-0.00052008
-0.00109217
-0.00233009
-0.00193886
-0.00215423
-0.00193258
-0.00144948
-0.00186470
-0.00085646
-0.00087776
-0.00064283
0.00056652
0.00171522
0.00181047
0.00137779
0.00064841
0.00016640
-0.00014372
0.00016975
-0.00104827
-0.00134519
-0.00083836
-0.00214841
-0.00232577
-0.00164536
-0.00083177
-0.00087251
-0.00055466
0.00041565
0.00087959
0.00071987
0.00142556
0.00085423
0.00148906
0.00099874
0.00148977
0.00171590
0.00128895
0.00128512
0.00215575
-0.00095020
-0.00079608
-0.00134223
0.00049876
-0.00008497
0.00037256
-0.00004224
-0.00157032
-0.00216658
-0.00069443
0.00004709
-0.00192347
-0.00047385
-0.00021704
0.00004504
-0.00203599
-0.00080699
0.00212951
0.00072376
0.00131000
0.00046599
0.00029140
0.00022347
0.00032350
0.00074516
0.00043909
-0.00041626
-0.00031261
-0.00091083
0.00035023
0.00015120
-0.00022357
0.00192876
0.00157780
0.00116633
-0.00052157
0.00030508
-0.00048615
-0.00088471
-0.00103771
-0.00116451
-0.00162591
-0.00150641
0.00022640
-0.00086999
0.00009679
0.00122995
0.00103311
0.00053306
-0.00020785
-0.00004993
-0.00038293
0.00013849
0.00033818
0.00103751
-0.00029858
-0.00100471
-0.00147344
-0.00083318
0.00068271
-0.00028754
0.00064491
-0.00057196
0.00013973
0.00030888
0.00039597
0.00416832
0.00181305
0.00117940
0.00115273
-0.00037000
0.00097774
-0.00078233
-0.00113100
-0.00102714
-0.00075951
-0.00008595
-0.00085459
0.00063220
0.00042244
0.00027507
0.00018410
-0.00114541
-0.00024716
-0.00041101
0.00164672
0.00039176
-0.00245441
0.00005859
-0.00118034
-0.00120703
-0.00110921
0.00010295
-0.00016042
-0.00166743
-0.00013974
-0.00148055
-0.00101565
0.00048802
0.00046859
0.00028381
-0.00049099
-0.00063816
-0.00002677
-0.00065254
0.00003694
-0.00185922
0.00008832
0.00097841
-0.00159342
-0.00110584
-0.00055538
-0.00078636
0.00063404
-0.00029535
0.00116465
0.00086140
0.00053557
-0.00041171
-0.00041397
-0.00057311
0.00019533
-0.00102301
-0.00215619
-0.00122817
-0.00023306
-0.00113637
-0.00109467
-0.00035821
-0.00233206
-0.00214886
-0.00110192
-0.00348827
-0.00144128
-0.00192494
-0.00242544
-0.00047754
0.00115736
-0.00153444
-0.00097052
-0.00076725
0.00036126
-0.00169045
-0.00108539
-0.00284744
-0.00245156
-0.00471634
-0.00438247
-0.00309045
-0.00413159
-0.00045380
-0.00215587
-0.00181340
-0.00390813
-0.00219471
-0.00288586
-0.00263924
-0.00167482
-0.00273015
-0.00299706
-0.00286815
-0.00471299
-0.00421241
-0.00414220
-0.00339263
-0.00300397
-0.00299128
-0.00263225
-0.00398051
-0.00279166
-0.00211162
-0.00313539
-0.00235568
-0.00200667
-0.00009985
-0.00067693
-0.00133328
-0.00211475
-0.00109202
-0.00330783
-0.00269237
-0.00278837
-0.00338235
-0.00396733
-0.00532983
-0.00469572
-0.00355250
-0.00486506
-0.00174860
-0.00294705
-0.00314870
-0.00341220
-0.00204015
-0.00142950
-0.00349980
-0.00121038
-0.00164551
-0.00347469
-0.00334411
-0.00377464
-0.00383961
-0.00382141
-0.00151569
-0.00330463
-0.00161155
-0.00201353
-0.00175934
-0.00097699
-0.00255184
-0.00179040
-0.00238866
-0.00178132
-0.00144248
-0.00326853
-0.00381686
-0.00314711
-0.00463633
-0.00369092
-0.00473720
-0.00302903
-0.00414413
-0.00401121
-0.00410845
-0.00423104
-0.00499444
-0.00457361
-0.00363849
-0.00424777
-0.00353086
-0.00305548
-0.00267768
-0.00376667
-0.00305243
-0.00431568
-0.00277924
-0.00313994
-0.00317516
-0.00232749
-0.00310138
-0.00486197
-0.00510602
-0.00252623
-0.00269981
-0.00459947
-0.00455540
-0.00152205
-0.00079013
-0.00052312
-0.00246247
-0.00142013
-0.00319708
-0.00227038
-0.00340826
-0.00140961
-0.00313488
-0.00362567
-0.00376985
-0.00298251
-0.00405284
-0.00441975
-0.00568833
-0.00526368
-0.00464336
-0.00535763
-0.00485809
-0.00481492
-0.00455934
-0.00252062
0.00007603
-0.00270042
-0.00316184
-0.00137905
-0.00039004
-0.00255001
-0.00168853
-0.00474018
-0.00411693
-0.00388226
-0.00284884
-0.00385059
-0.00365080
-0.00192235
-0.00030908
-0.00247630
0.00044010
-0.00045400
0.00042474
-0.00087951
-0.00056338
-0.00113224
-0.00094025
-0.00150606
-0.00269787
-0.00244635
-0.00316601
-0.00283963
-0.00085683
-0.00182589
-0.00059307
-0.00274475
-0.00053017
-0.00246632
-0.00192974
-0.00163031
-0.00073253
-0.00497868
-0.00150699
-0.00033081
-0.00430953
-0.00160316
-0.00275367
-0.00213113
-0.00151497
-0.00104309
0.00022350
0.00046044
0.00087585
-0.00250426
-0.00249994
-0.00231731
-0.00257875
-0.00147535
-0.00328926
-0.00285887
-0.00170119
-0.00321226
-0.00310389
-0.00107402
-0.00272043
-0.00466661
-0.00232276
-0.00256999
-0.00287417
-0.00254948
-0.00538749
-0.00365811
-0.00442710
-0.00503946
-0.00432498
-0.00276023
-0.00163426
-0.00179270
-0.00163213
-0.00283098
-0.00311605
-0.00167042
-0.00516361
-0.00346569
-0.00483368
-0.00283074
-0.00314911
-0.00326570
-0.00305401
-0.00411708
-0.00384281
-0.00139803
-0.00142394
-0.00090404
-0.00490439
-0.00214505
-0.00348442
0.00024573
-0.00324806
-0.00231153
-0.00129480
-0.00456149
-0.00310561
-0.00660654
-0.00413011
-0.00602875
-0.00459134
-0.00694098
-0.00316002
-0.00606460
-0.00841533
-0.00780061
-0.00508357
-0.00365217
-0.00456406
-0.00626000
-0.00287186
-0.00420484
-0.00574953
-0.00499826
-0.00525246
-0.00668261
-0.00687199
-0.00509947
-0.00795031
-0.00722621
-0.00558507
-0.00565416
-0.00760847
-0.00815464
-0.00558376
-0.00837249
-0.00597481
-0.00622460
-0.00897780
-0.00852979
-0.01060690
-0.01224920
-0.01060795
-0.01032022
-0.00862342
-0.01150693
-0.01032931
-0.01024249
-0.01193630
-0.01279892
-0.01304372
-0.01215658
-0.01400095
-0.01018733
-0.00883288
-0.00771912
-0.01303140
-0.01164378
-0.01272330
-0.01020229
-0.00962961
-0.01160059
-0.01262529
-0.01326069
-0.01046859
-0.01383253
-0.01290971
-0.01451816
-0.01296876
-0.01371018
-0.01433386
-0.01374095
-0.01083627
-0.01217058
-0.01303024
-0.01497477
-0.01595340
-0.01546884
-0.01616099
-0.01325436
-0.01646370
-0.01528072
-0.01670943
-0.01416555
-0.01861457
-0.01789046
-0.01546030
-0.01846502
-0.02012787
-0.02012397
-0.01957491
-0.02136918
-0.01750065
-0.01870341
-0.02037966
-0.01887300
-0.01616124
-0.01932667
-0.01878408
-0.01993369
-0.02004628
-0.02161576
-0.01986362
-0.02096804
-0.02102727
-0.02144105
-0.02156581
-0.01898309
-0.02068790
-0.01895360
-0.01930244
-0.02281057
-0.02166151
-0.02138809
-0.02182617
-0.02253531
-0.02456426
-0.02545481
-0.02941301
-0.02808501
-0.02887644
-0.02624429
-0.02512862
-0.02646278
-0.02707960
-0.02631705
-0.02588254
-0.02465837
-0.02403389
-0.02447221
-0.02559566
-0.02435188
-0.02465585
-0.02658878
-0.02359765
-0.02597823
-0.02747746
-0.02874989
-0.02891719
-0.02851092
-0.03073309
-0.02979141
-0.02977327
-0.03132284
-0.02939709
-0.03007802
-0.03011952
-0.03095491
-0.02936991
-0.02908738
-0.03162876
-0.03033295
-0.03076389
-0.03093756
-0.03128933
-0.03153853
-0.03164946
-0.03263646
-0.03207898
-0.03123150
-0.02979228
-0.03170461
-0.03008224
-0.03091769
-0.03132465
-0.03317490
-0.03254121
-0.03292799
-0.03157018
-0.03088898
-0.03285149
-0.03207650
-0.03373335
-0.02897018
-0.03159549
-0.03102320
-0.03228039
-0.03400243
-0.03153855
-0.03536662
-0.03299095
-0.03278055
-0.03287319
-0.03130524
-0.03157495
-0.03313653
-0.03247983
-0.03311925
-0.03364626
-0.03345006
-0.03419051
-0.03634519
-0.03893930
-0.03775456
-0.03572651
-0.03672752
-0.03527883
-0.03633216
-0.03582815
-0.03646111
-0.03707295
-0.03731052
-0.03573398
-0.03339886
-0.03375047
-0.03325481
-0.03253001
-0.03314357
-0.03221247
-0.03249381
-0.03439092
-0.03437360
-0.03481435
-0.03753711
-0.03834349
-0.03554582
-0.03606933
-0.03595522
-0.03414702
-0.03400981
-0.03324032
-0.03481589
-0.03486507
-0.03418247
-0.03476335
-0.03495794
-0.03598959
-0.03737164
-0.04005086
-0.03947747
-0.03932220
-0.03941236
-0.03905657
-0.03853370
-0.03779675
-0.03678262
-0.03618954
-0.03552652
-0.03506813
-0.03369631
-0.03267100
-0.03174999
-0.03152914
-0.03311791
-0.03303491
-0.03346647
-0.03262937
-0.03256114
-0.03295378
-0.03414254
-0.03233870
-0.03261483
-0.03416304
-0.03267167
-0.03620039
-0.03008235
-0.02944569
-0.02999687
-0.03203978
-0.03080036
-0.03182672
-0.03317354
-0.03175884
-0.03233121
-0.03413208
-0.03370566
-0.03011840
-0.03206495
-0.02773246
-0.02712592
-0.02678926
-0.02719060
-0.02761394
-0.02862727
-0.02810586
-0.02969546
-0.02815512
-0.03069821
-0.02960713
-0.03005040
-0.02970965
-0.02981099
-0.02723254
-0.02830514
-0.02958879
-0.02416407
-0.02658198
-0.02971493
-0.02778731
-0.03160107
-0.03207865
-0.02408421
-0.02585976
-0.02584618
-0.02369987
-0.02357860
-0.02823171
-0.02688054
-0.03120114
-0.03254072
-0.02708621
-0.02848052
-0.02805375
-0.02685902
-0.02896043
-0.02337613
-0.02496772
-0.02715899
-0.02541172
-0.02650627
-0.02458737
-0.02544514
-0.02317683
-0.02423854
-0.01959283
-0.02056159
-0.01935017
-0.02049156
-0.01895436
-0.01951366
-0.02093845
-0.02155833
-0.02144620
-0.02151241
-0.01985098
-0.02031299
-0.02071804
-0.02074689
-0.01875762
-0.02183110
-0.02041822
-0.01855409
-0.01835899
-0.01948227
-0.02026077
-0.02210658
-0.01807687
-0.02052673
-0.02118434
-0.01861875
-0.02076084
-0.01935829
-0.01854955
-0.01655516
-0.01626968
-0.01668192
-0.01295908
-0.01309584
-0.01315827
-0.01298200
-0.01235338
-0.01378662
-0.01390724
-0.01339746
-0.01549543
-0.01315536
-0.01750025
-0.01443551
-0.01435134
-0.01101130
-0.01151978
-0.00907699
-0.01180635
-0.01154408
-0.01265235
-0.01317057
-0.01425346
-0.01180002
-0.01172436
-0.00840547
-0.00966342
-0.01080273
-0.01044825
-0.01060790
-0.00970113
-0.01034301
-0.00828178
-0.01124043
-0.01055905
-0.00922588
-0.01171357
-0.00815149
-0.00604136
-0.00705569
-0.00421074
-0.00551607
-0.00847984
-0.00492860
-0.00324129
-0.00533960
-0.00944029
-0.00620518
-0.00176832
-0.00406442
-0.00637852
-0.00398324
-0.00501387
-0.00114361
0.00033526
-0.00161877
-0.00042047
-0.00516003
-0.00308972
-0.00473682
-0.00461390
-0.00463622
-0.00810096
-0.00625863
-0.01210995
-0.00976268
0.00560111
-0.00033614
0.01072493
-0.02033526
0.00319731
-0.09688366
-0.02645381
0.04590804
-0.00609426
0.00648950
0.00762021
0.00672139
0.00744696
0.00334616
0.00562617
0.00414566
0.00544959
0.00514340
0.00472032
0.00293650
0.00132568
0.00113070
0.00008667
0.00007860
-0.00093756
-0.00105379
0.00318417
-0.00072304
-0.00069997
0.00057109
0.00142286
0.00235616
0.00271017
0.00097620
0.00232041
0.00206871
0.00310829
0.00131631
0.00229287
0.00272023
0.00358042
0.00404751
0.00511516
0.00418962
0.00646279
0.00584290
0.00718795
0.00633733
0.00524381
0.00411750
0.00399773
0.00480152
0.00562627
0.00336267
0.00572701
0.00246965
0.00411447
0.00364283
0.00428618
0.00416180
0.00504686
0.00401467
0.00498837
0.00367452
0.00550662
0.00546937
0.00561958
0.00574876
0.00735866
0.00707926
0.00548291
0.00761834
0.00641807
0.00610493
0.00663173
0.00628074
0.00738391
0.00824795
0.00805685
0.00888819
0.00823016
0.00683717
0.00781754
0.00809082
0.00784685
0.00650227
0.00701829
0.01054832
0.00907584
0.00870800
0.00665757
0.00734387
0.00818587
0.00923838
0.01090268
0.00992314
0.00936638
0.00565398
0.00751733
0.00653519
0.00566282
0.00819642
0.00619485
0.00818794
0.00625687
0.00699007
0.00785823
0.00821812
0.00785487
0.00869521
0.00815794
0.01035157
0.00952036
0.00852095
0.00960909
0.00975163
0.00864689
0.00740381
0.00943114
0.00851491
0.00843097
0.00921243
0.00897141
0.01126880
0.00960002
0.01073980
0.01077296
0.01195528
0.01222480
0.01111677
0.01119421
0.00837048
0.00879506
0.00978471
0.00782335
0.00732120
0.00713286
0.00675832
0.00647285
0.00869935
0.00895915
0.00825662
0.01023868
0.00996301
0.01108042
0.01067102
0.01012175
0.00913051
0.00772518
0.00891738
0.01002133
0.01100601
0.01048884
0.00989189
0.00976561
0.01061408
0.00912860
0.00900831
0.00979065
0.00984979
0.01108342
0.01034310
0.01136932
0.01091249
0.01130334
0.01026431
0.01110442
0.00947369
0.00848582
0.00908815
0.00780657
0.00765240
0.00627526
0.00744225
0.00685014
0.00594549
0.00755203
0.00911806
0.00860768
0.00808838
0.00839977
0.00922818
0.00817100
0.00926850
0.00975786
0.00762447
0.00847711
0.00805252
0.00904104
0.00991594
0.01022811
0.01008110
0.01066565
0.01214894
0.01205747
0.01305719
0.01241034
0.01141718
0.01265452
0.01418556
0.01217231
0.01077097
0.01304690
0.01222264
0.01108248
0.01133096
0.01214409
0.01061614
0.01071439
0.01051973
0.00867861
0.00883022
0.00840834
0.00834046
0.00753309
0.00784908
0.00989868
0.01078907
0.01112192
0.01142078
0.01109536
0.01153491
0.01027185
0.00942969
0.00877198
0.00753062
0.00599690
0.00529545
0.00546334
0.00635023
0.00793567
0.00795290
0.00842612
0.00777627
0.00988859
0.00979086
0.01025736
0.01161523
0.01111492
0.00989287
0.01027513
0.00899781
0.00915989
0.00762534
0.00763197
0.00631136
0.00653684
0.00614122
0.00626055
0.00555577
0.00589153
0.00563877
0.00683330
0.00590047
0.00812654
0.00995884
0.01080225
0.00948907
0.00887761
0.00972437
0.00857509
0.01067762
0.01147084
0.01005761
0.00867891
0.01025638
0.00880310
0.00840699
0.00811407
0.00936565
0.01052351
0.00730151
0.00734828
0.00787504
0.00729561
0.00814267
0.00894983
0.00845863
0.00842212
0.00856549
0.00857467
0.00911772
0.00991964
0.00824331
0.00833185
0.00973157
0.00704113
0.00738408
0.00704656
0.00806351
0.00830171
0.00754862
0.00922387
0.00947322
0.01002601
0.01085721
0.01153142
0.00989997
0.01043539
0.01025135
0.00851091
0.00910112
0.00889443
0.00920283
0.00895286
0.00888273
0.00855725
0.00838371
0.00764275
0.00788085
0.01058672
0.01005481
0.00971043
0.00755655
0.00736980
0.00767690
0.00778245
0.00816044
0.00765573
0.00787006
0.00456410
0.00381658
0.00566950
0.00462724
0.00722141
0.00647249
0.00800411
0.00940849
0.00992104
0.01003509
0.01016357
0.01050987
0.00913002
0.00789900
0.00881238
0.00722164
0.00873777
0.00876928
0.00646489
0.00599325
0.00536144
0.00924870
0.00899514
0.00918076
0.00970622
0.00976764
0.00950333
0.00861979
0.01060104
0.00964938
0.00974811
0.01049018
0.00801321
0.00775830
0.00826471
0.00843422
0.01022112
0.00912099
0.00941525
0.00848879
0.00946824
0.00880701
0.00655241
0.00814061
0.00977187
0.00893481
0.00952389
0.00825234
0.00897131
0.00834829
0.00790476
0.00642615
0.00852592
0.00820033
0.00830654
0.00782613
0.00834865
0.00992357
0.01045953
0.00926314
0.01004251
0.00908484
0.00761689
0.00966327
0.01092938
0.00925597
0.01159613
0.01176516
0.00994765
0.00972037
0.00912809
0.00714137
0.00795085
0.00892420
0.00888281
0.00701345
0.00897196
0.00960281
0.00967660
0.01197715
0.01249902
0.01380993
0.01150841
0.01378807
0.00945785
0.01139151
0.01072559
0.01253146
0.01276351
0.01102608
0.01043616
0.00962263
0.01053840
0.01013627
0.01049969
0.01250029
0.01306244
0.01326852
0.01267791
0.01216220
0.01204824
0.01108618
0.01127496
0.01135326
0.00896561
0.01029211
0.00879289
0.00947871
0.00785417
0.00752943
0.00800054
0.00981075
0.00807152
0.01005508
0.01131968
0.01081427
0.01251241
0.01240681
0.01306482
0.01472995
0.01227409
0.01373411
0.01196283
0.01094371
0.01188703
0.01135609
0.01194505
0.00924634
0.01059720
0.01040126
0.00968466
0.01102023
0.01182924
0.01258942
0.01266171
0.01234559
0.01185675
0.01132939
0.01237646
0.00834173
0.00953860
0.00776780
0.00886450
0.00811758
0.00854534
0.00869368
0.00870904
0.00973067
0.01268975
0.01125323
0.01301451
0.01270298
0.01374521
0.01333704
0.01237144
0.01337980
0.01182030
0.01362631
0.01277305
0.01376008
0.01334755
0.01311385
0.01205155
0.01305040
0.01080021
0.01259197
0.01148508
0.01087384
0.01187490
0.01024152
0.01122737
0.01148093
0.01094841
0.01264774
0.01448120
0.01219790
0.01099671
0.01166787
0.01289529
0.01016515
0.00818573
0.00761015
0.00942327
0.00893799
0.01047613
0.01089155
0.01128179
0.01112371
0.01026083
0.01192954
0.01196606
0.01217701
0.01243377
0.01367938
0.01361394
0.01480590
0.01391968
0.01547811
0.01387180
0.01474389
0.01491448
0.01329459
0.00812948
0.00955776
0.01161322
0.01130176
0.00844976
0.01029839
0.00897723
0.01181716
0.01372402
0.01324901
0.01308921
0.01304214
0.01217278
0.01013010
0.00795666
0.00859546
0.00756685
0.00647280
0.00686798
0.00705984
0.00840931
0.00882977
0.00988036
0.00863986
0.01235392
0.01201272
0.01107515
0.01235671
0.00904536
0.01083527
0.00910708
0.01033811
0.01008013
0.00914756
0.01167936
0.01028756
0.00974226
0.01155470
0.01432269
0.00826965
0.01237589
0.01201995
0.01131260
0.01096427
0.01092888
0.01161453
0.00969626
0.01070935
0.00782720
0.01080692
0.01112610
0.00999047
0.01111034
0.01000748
0.01036801
0.01265619
0.01033730
0.01312264
0.01342402
0.01205413
0.01193909
0.01378891
0.01425126
0.01136100
0.01352194
0.01272202
0.01615281
0.01510726
0.01472166
0.01546368
0.01506373
0.01267532
0.01299572
0.01177957
0.01345885
0.01249082
0.01444061
0.01122262
0.01284692
0.01457859
0.01369173
0.01290805
0.01215017
0.01351183
0.01279727
0.01427768
0.01458444
0.01186076
0.01003288
0.01042300
0.01258171
0.01103990
0.01168285
0.01018716
0.01052109
0.01264127
0.01012733
0.01457434
0.01363554
0.01695265
0.01573493
0.01698711
0.01650845
0.01778217
0.01615903
0.01540591
0.01931617
0.02158612
0.01942307
0.01631128
0.01633772
0.01686060
0.01551806
0.01336777
0.01623217
0.01604733
0.01706716
0.01756129
0.01875801
0.01871031
0.01768279
0.02001749
0.01674164
0.01631797
0.01793452
0.01951588
0.01734953
0.01931205
0.01894823
0.01768531
0.02126537
0.02181625
0.02227595
0.02486717
0.02403611
0.02519769
0.02358123
0.02455085
0.02618976
0.02271292
0.02703522
0.02571636
0.02956474
0.02724277
0.02813128
0.02679542
0.02310071
0.02249141
0.02525828
0.02606503
0.02632341
0.02419440
0.02350300
0.02445092
0.02525545
0.02889425
0.02530179
0.02814422
0.02751650
0.02989700
0.02887726
0.02756702
0.02751244
0.02709680
0.02624604
0.02453171
0.02657561
0.02763679
0.03070648
0.03034891
0.03133801
0.02776872
0.03039348
0.03063616
0.03103707
0.03004049
0.03114034
0.03512143
0.03156123
0.03438371
0.03589261
0.03812172
0.03616743
0.03840406
0.03602728
0.03415487
0.03648389
0.03524978
0.03263964
0.03371022
0.03526378
0.03381716
0.03666345
0.03715061
0.03712188
0.03675910
0.03937943
0.03840214
0.03892653
0.03691885
0.03704214
0.03710075
0.03477031
0.03752858
0.03843721
0.03687908
0.03780868
0.03861389
0.04151071
0.04232313
0.04688050
0.04757954
0.04899941
0.04719514
0.04544432
0.04578159
0.04657990
0.04588198
0.04444918
0.04305981
0.04136472
0.04197886
0.04274433
0.04294796
0.04052317
0.04364074
0.04262243
0.04289423
0.04672720
0.04720737
0.04827278
0.04715371
0.04866530
0.05101736
0.04890867
0.05080868
0.04927492
0.04906541
0.04922648
0.04996871
0.04957788
0.04861330
0.05099186
0.05134906
0.05078967
0.05132353
0.05054998
0.05213387
0.05145663
0.05243548
0.05186439
0.05172982
0.04943723
0.05118808
0.05180282
0.05085867
0.05204262
0.05278742
0.05348984
0.05170364
0.05201608
0.04935507
0.05247746
0.05051690
0.05305072
0.04983958
0.04810423
0.05126739
0.04941511
0.05478125
0.05192362
0.05366004
0.05454086
0.05153246
0.05181208
0.05128915
0.05065603
0.05240077
0.05167362
0.05203795
0.05240488
0.05330491
0.05399055
0.05469853
0.05916993
0.06060478
0.05704107
0.05714571
0.05636315
0.05569362
0.05706796
0.05712239
0.05759305
0.05856742
0.05718527
0.05423110
0.05413983
0.05280587
0.05150764
0.05152452
0.04986377
0.04886321
0.05150416
0.05210539
0.05290350
0.05513597
0.05844943
0.05774810
0.05554040
0.05703781
0.05534144
0.05445081
0.05354573
0.05346032
0.05412994
0.05300074
0.05381604
0.05362699
0.05617065
0.05788294
0.06019541
0.06159953
0.06156848
0.06081096
0.06156527
0.06027083
0.05956787
0.05794964
0.05722932
0.05560382
0.05481772
0.05291519
0.05117454
0.04897051
0.04777276
0.04953323
0.05097092
0.05042564
0.05083920
0.05061433
0.05084374
0.05190017
0.05140254
0.05056273
0.05338634
0.05115569
0.05338251
0.05135218
0.04651473
0.04750006
0.04823222
0.05003820
0.04783223
0.05086005
0.04899404
0.05108728
0.05046227
0.05329979
0.04972789
0.04913779
0.04704876
0.04268858
0.04207766
0.04231898
0.04216627
0.04200913
0.04212721
0.04379399
0.04427673
0.04642204
0.04757023
0.04720855
0.04669487
0.04661078
0.04351716
0.04194748
0.04410206
0.03995069
0.04196461
0.04280373
0.04599467
0.04626628
0.05070982
0.04451686
0.04167257
0.04254455
0.03800363
0.03764756
0.03938450
0.04168087
0.04171120
0.04734259
0.04513501
0.04310635
0.04615475
0.04299813
0.04642377
0.03981340
0.03872086
0.04084651
0.03824580
0.04188822
0.03865077
0.03978980
0.03756566
0.03805756
0.03434991
0.03274389
0.03088986
0.03125404
0.03063323
0.02872020
0.03102397
0.03292197
0.03287276
0.03352223
0.03330944
0.03144588
0.03187761
0.03520223
0.03213853
0.03365435
0.03417068
0.03110389
0.03063197
0.03183644
0.03248105
0.03314376
0.03096884
0.03104688
0.03264340
0.03126636
0.03202495
0.03283241
0.03159223
0.02865585
0.02736607
0.02890215
0.02515823
0.02179289
0.02160416
0.02046141
0.02130314
0.02066486
0.02080686
0.02173852
0.02495917
0.02326528
0.02525777
0.02517596
0.02229112
0.02104355
0.01816544
0.01829564
0.01728928
0.01958892
0.01978862
0.02011810
0.02140726
0.02041975
0.01758066
0.01861899
0.01447539
0.01916975
0.01886390
0.01958235
0.01638155
0.02092231
0.01451503
0.01692407
0.01869954
0.01741794
0.01708000
0.01669573
0.01086994
0.01252953
0.00935724
0.00851223
0.00956459
0.01050317
0.00437342
0.00603585
0.00846352
0.01242731
0.00344598
0.00400947
0.00871993
0.00793405
0.00527901
0.00743396
-0.00231544
0.00351943
-0.00200220
0.00547381
0.00220299
0.00606864
0.00405734
0.01227450
0.00715182
0.01944491
0.01293202
0.02186677
-0.00439247
0.00767828
-0.02081612
0.02887175
-0.00279455
0.06289080
0.16804715
-0.00062398
-0.01543314
-0.01232723
-0.00782395
-0.00485342
-0.00472261
-0.00422032
-0.00288289
-0.00312967
-0.00181315
-0.00249982
-0.00225109
-0.00262084
-0.00131591
-0.00165701
0.00008168
-0.00021032
0.00162057
0.00044058
0.00035491
0.00059665
-0.00037750
0.00001672
-0.00119523
-0.00151097
-0.00021158
-0.00125539
-0.00113722
-0.00067112
-0.00132155
-0.00097095
-0.00203758
-0.00086414
-0.00250919
-0.00241927
-0.00284830
-0.00316416
-0.00335139
-0.00452472
-0.00384586
-0.00383540
-0.00319168
-0.00310931
-0.00297462
-0.00261614
-0.00245936
-0.00254799
-0.00320323
-0.00241657
-0.00285754
-0.00290230
-0.00235938
-0.00279301
-0.00360736
-0.00289027
-0.00382567
-0.00309302
-0.00338322
-0.00355346
-0.00321223
-0.00371638
-0.00542385
-0.00452452
-0.00471551
-0.00544766
-0.00445661
-0.00446806
-0.00476853
-0.00361866
-0.00454486
-0.00496081
-0.00485196
-0.00478979
-0.00466074
-0.00415694
-0.00507611
-0.00605475
-0.00548812
-0.00451403
-0.00563575
-0.00604755
-0.00526986
-0.00478239
-0.00531565
-0.00442882
-0.00552064
-0.00565311
-0.00542118
-0.00645366
-0.00499782
-0.00565441
-0.00607144
-0.00505637
-0.00537185
-0.00528335
-0.00584764
-0.00501262
-0.00490675
-0.00531728
-0.00596408
-0.00550440
-0.00501682
-0.00537307
-0.00522237
-0.00593872
-0.00571204
-0.00535563
-0.00596201
-0.00634970
-0.00608783
-0.00627549
-0.00691015
-0.00620674
-0.00765359
-0.00740729
-0.00775059
-0.00700170
-0.00626654
-0.00638208
-0.00741776
-0.00680655
-0.00714980
-0.00693036
-0.00672958
-0.00621716
-0.00751367
-0.00665051
-0.00674657
-0.00711050
-0.00620738
-0.00624322
-0.00641092
-0.00695995
-0.00680506
-0.00609231
-0.00646638
-0.00700284
-0.00693513
-0.00698505
-0.00673930
-0.00737206
-0.00674564
-0.00664049
-0.00695634
-0.00690751
-0.00642899
-0.00663453
-0.00728670
-0.00785341
-0.00662964
-0.00704098
-0.00759808
-0.00743113
-0.00811439
-0.00830029
-0.00847422
-0.00812794
-0.00782024
-0.00817117
-0.00727389
-0.00822802
-0.00637450
-0.00702479
-0.00661598
-0.00696383
-0.00665599
-0.00676482
-0.00644627
-0.00714919
-0.00712638
-0.00763877
-0.00736487
-0.00732912
-0.00763136
-0.00784347
-0.00729392
-0.00753466
-0.00694806
-0.00603617
-0.00688428
-0.00708982
-0.00765746
-0.00845124
-0.00907156
-0.00950982
-0.01016863
-0.00988700
-0.00971194
-0.00999064
-0.01039515
-0.00990008
-0.01035381
-0.00963054
-0.00864036
-0.00851123
-0.00918528
-0.00819377
-0.00865616
-0.00852202
-0.00863038
-0.00887056
-0.00822517
-0.00839031
-0.00767911
-0.00820046
-0.00753469
-0.00805063
-0.00780301
-0.00805854
-0.00861796
-0.00909975
-0.00866982
-0.00852614
-0.00848405
-0.00858952
-0.00857866
-0.00840337
-0.00733340
-0.00722951
-0.00741599
-0.00698171
-0.00692212
-0.00781300
-0.00778717
-0.00857777
-0.00806404
-0.00816149
-0.00871732
-0.00879466
-0.00890734
-0.00918682
-0.00932170
-0.00935251
-0.00850601
-0.00816118
-0.00809953
-0.00763008
-0.00744679
-0.00686783
-0.00705956
-0.00725250
-0.00727498
-0.00731410
-0.00736895
-0.00738393
-0.00813589
-0.00877490
-0.00945158
-0.00964047
-0.00951881
-0.00918191
-0.00907160
-0.00851830
-0.00851437
-0.00875565
-0.00848371
-0.00783793
-0.00911734
-0.00844702
-0.00757152
-0.00878876
-0.00806523
-0.00849864
-0.00852386
-0.00881034
-0.00866522
-0.00908572
-0.00804693
-0.00811555
-0.00852371
-0.00819167
-0.00829241
-0.00836526
-0.00797288
-0.00827638
-0.00840244
-0.00785998
-0.00908248
-0.00896635
-0.00860875
-0.00936746
-0.00909744
-0.00875438
-0.00895358
-0.00792479
-0.00901327
-0.00883866
-0.00810295
-0.00842365
-0.00836489
-0.00890211
-0.00874750
-0.00880177
-0.00956360
-0.01037274
-0.00910677
-0.00972523
-0.00961413
-0.00907931
-0.00852298
-0.00884619
-0.00823061
-0.00916771
-0.00927829
-0.00877347
-0.00779968
-0.00740435
-0.00688006
-0.00797371
-0.00757177
-0.00761904
-0.00820055
-0.00737059
-0.00733550
-0.00683940
-0.00663873
-0.00734738
-0.00726870
-0.00797448
-0.00786830
-0.00824762
-0.00892898
-0.00827751
-0.00955520
-0.00868572
-0.00847551
-0.00878440
-0.00842865
-0.00763963
-0.00833589
-0.00757001
-0.00645504
-0.00701707
-0.00722793
-0.00751928
-0.00839640
-0.00877957
-0.00816654
-0.00858640
-0.00808807
-0.00915229
-0.00856432
-0.00878367
-0.00838755
-0.00869250
-0.00713439
-0.00845715
-0.00799022
-0.00799031
-0.00877539
-0.00844603
-0.00856036
-0.00822530
-0.00806569
-0.00774113
-0.00720482
-0.00676450
-0.00785707
-0.00856009
-0.00787876
-0.00906146
-0.00825913
-0.00870449
-0.00828361
-0.00694282
-0.00804973
-0.00766008
-0.00759245
-0.00820932
-0.00830177
-0.00870056
-0.00877025
-0.00803977
-0.00773647
-0.00852360
-0.00710644
-0.00854954
-0.00791142
-0.00845664
-0.00842169
-0.00880230
-0.00777829
-0.00754618
-0.00686536
-0.00816824
-0.00680306
-0.00813623
-0.00787753
-0.00748520
-0.00848573
-0.00809484
-0.00817980
-0.00901830
-0.00956169
-0.00784890
-0.00940094
-0.00839784
-0.00793713
-0.00933051
-0.00866945
-0.00877039
-0.00872803
-0.00848705
-0.00735739
-0.00791482
-0.00759495
-0.00760881
-0.00863209
-0.00875533
-0.00914637
-0.00893804
-0.00853612
-0.00852883
-0.00863619
-0.00799164
-0.00729421
-0.00703699
-0.00729453
-0.00731135
-0.00667867
-0.00741301
-0.00767749
-0.00696987
-0.00729946
-0.00719466
-0.00665337
-0.00807473
-0.00752652
-0.00827072
-0.00901498
-0.00871741
-0.00896527
-0.00840374
-0.00816509
-0.00858181
-0.00894585
-0.00815638
-0.00762817
-0.00773886
-0.00794772
-0.00789916
-0.00755593
-0.00839613
-0.00934383
-0.00852598
-0.00927712
-0.00832532
-0.00943468
-0.00856915
-0.00774847
-0.00840320
-0.00835091
-0.00681147
-0.00701910
-0.00677155
-0.00596045
-0.00599259
-0.00638585
-0.00687185
-0.00698052
-0.00780692
-0.00771701
-0.00831063
-0.00879651
-0.00852572
-0.00949575
-0.00921926
-0.00886267
-0.00856253
-0.00911422
-0.00888886
-0.00842043
-0.00877349
-0.00913202
-0.00857870
-0.00877460
-0.00877176
-0.00761374
-0.00834380
-0.00744581
-0.00826104
-0.00789691
-0.00783579
-0.00801725
-0.01034314
-0.00936007
-0.00802706
-0.00878627
-0.00814639
-0.00810237
-0.00723159
-0.00685658
-0.00701642
-0.00680264
-0.00725769
-0.00779293
-0.00731136
-0.00742071
-0.00839664
-0.00843612
-0.00942271
-0.00919059
-0.00896016
-0.00897445
-0.00944770
-0.00913974
-0.00917248
-0.00958935
-0.00872738
-0.00835989
-0.00941007
-0.00917707
-0.00824819
-0.00972302
-0.00808760
-0.00833047
-0.00769896
-0.00962544
-0.00894974
-0.00894752
-0.00832763
-0.00810116
-0.00920103
-0.00913321
-0.00904414
-0.01002689
-0.00882638
-0.00830150
-0.00666745
-0.00726726
-0.00611718
-0.00570904
-0.00585563
-0.00648246
-0.00681450
-0.00740081
-0.00845370
-0.00808427
-0.00924305
-0.01005896
-0.00826574
-0.00902291
-0.00836075
-0.00887696
-0.00768129
-0.00827277
-0.00819279
-0.00884978
-0.00782907
-0.00868395
-0.00661173
-0.00912852
-0.00858929
-0.00943035
-0.00854094
-0.00886477
-0.00883712
-0.00962710
-0.00839201
-0.01008505
-0.00961351
-0.01022818
-0.01057905
-0.00986830
-0.00900853
-0.00762830
-0.00769510
-0.00789331
-0.00743756
-0.00872737
-0.00852330
-0.00885663
-0.00995564
-0.00969885
-0.00989926
-0.01045716
-0.01200517
-0.00995574
-0.01079045
-0.01068165
-0.01111379
-0.01045088
-0.01108950
-0.00948614
-0.01032507
-0.00932651
-0.00968897
-0.01045648
-0.01082870
-0.01173366
-0.01061095
-0.01017124
-0.00959098
-0.00927421
-0.01088549
-0.00915935
-0.00987585
-0.01024790
-0.01017247
-0.01022632
-0.00953744
-0.01020623
-0.00938820
-0.00804788
-0.00949393
-0.00828161
-0.00884684
-0.00806623
-0.00974090
-0.00915124
-0.00903046
-0.01087418
-0.00964605
-0.01098542
-0.01006137
-0.01153195
-0.01050631
-0.01205496
-0.01124473
-0.01247570
-0.01117793
-0.01192176
-0.01280916
-0.01267467
-0.01226677
-0.01152386
-0.01063885
-0.01169127
-0.01026976
-0.01084150
-0.01126828
-0.01266833
-0.01149805
-0.01272165
-0.01334274
-0.01157582
-0.01206853
-0.01019176
-0.01096687
-0.01102209
-0.00978511
-0.01134397
-0.01142242
-0.01117241
-0.01255755
-0.01378435
-0.01365463
-0.01356139
-0.01354613
-0.01395895
-0.01377375
-0.01448455
-0.01520346
-0.01424515
-0.01420291
-0.01514920
-0.01517085
-0.01602316
-0.01513874
-0.01460719
-0.01536848
-0.01282046
-0.01505745
-0.01403659
-0.01430879
-0.01350351
-0.01296257
-0.01520004
-0.01344871
-0.01450853
-0.01555131
-0.01526563
-0.01478849
-0.01384190
-0.01563368
-0.01484323
-0.01410887
-0.01352373
-0.01340179
-0.01437182
-0.01363735
-0.01430188
-0.01544241
-0.01538873
-0.01560563
-0.01487812
-0.01606849
-0.01622203
-0.01629956
-0.01670160
-0.01629000
-0.01625051
-0.01657593
-0.01673801
-0.01717118
-0.01697240
-0.01761092
-0.01665313
-0.01676696
-0.01735604
-0.01667633
-0.01686066
-0.01578304
-0.01725291
-0.01662712
-0.01757387
-0.01602915
-0.01818173
-0.01656458
-0.01750902
-0.01743970
-0.01809333
-0.01783291
-0.01707892
-0.01784753
-0.01724932
-0.01724859
-0.01620710
-0.01665123
-0.01675451
-0.01698742
-0.01705414
-0.01830924
-0.01871182
-0.01984192
-0.01988112
-0.02117050
-0.02144743
-0.01974951
-0.02078601
-0.01923418
-0.01938556
-0.01864208
-0.01861917
-0.01747109
-0.01779928
-0.01836120
-0.01946087
-0.01907083
-0.01853663
-0.01885024
-0.01977256
-0.02003672
-0.02080174
-0.02064935
-0.02114102
-0.01995250
-0.02032285
-0.02099973
-0.02012279
-0.02001615
-0.01949905
-0.01954190
-0.01999124
-0.02028353
-0.02058388
-0.02195383
-0.02153708
-0.02201652
-0.02236029
-0.02122228
-0.02150188
-0.02174064
-0.02164542
-0.02082919
-0.02063310
-0.02044566
-0.02030712
-0.02095996
-0.02161204
-0.02179304
-0.02194934
-0.02146321
-0.02142762
-0.02069464
-0.02118274
-0.02123038
-0.02094763
-0.02008043
-0.02106534
-0.02075974
-0.01989578
-0.02047962
-0.02035945
-0.02137039
-0.02073420
-0.01989035
-0.02052916
-0.01924856
-0.01988156
-0.02027233
-0.02108438
-0.02117271
-0.02086404
-0.02160060
-0.02027977
-0.02244557
-0.02231104
-0.02197782
-0.02341086
-0.02322973
-0.02215424
-0.02217289
-0.02138109
-0.02113600
-0.02206745
-0.02169820
-0.02138903
-0.02230341
-0.02056761
-0.02148861
-0.02156002
-0.02055585
-0.02084660
-0.01995954
-0.01907376
-0.01934156
-0.01988494
-0.01953460
-0.02049134
-0.02020206
-0.02084387
-0.02177159
-0.02076560
-0.02133480
-0.02139207
-0.02134002
-0.02095517
-0.02088772
-0.02075621
-0.02067759
-0.02092432
-0.02101022
-0.02260480
-0.02278808
-0.02240393
-0.02377718
-0.02357487
-0.02329904
-0.02364130
-0.02269159
-0.02271895
-0.02245290
-0.02171509
-0.02031878
-0.02048859
-0.01934016
-0.01929868
-0.01791777
-0.01787438
-0.01861465
-0.01939657
-0.01851348
-0.01977001
-0.01972629
-0.01939621
-0.01971901
-0.01933292
-0.02026241
-0.02095430
-0.01979974
-0.01912321
-0.01886423
-0.01803593
-0.01758246
-0.01954377
-0.01910693
-0.01859035
-0.01966570
-0.02008452
-0.02050507
-0.01863192
-0.01983580
-0.01946471
-0.01785657
-0.01691679
-0.01586653
-0.01528903
-0.01574202
-0.01559666
-0.01483882
-0.01648877
-0.01629465
-0.01792872
-0.01833091
-0.01853999
-0.01900879
-0.01720973
-0.01789364
-0.01586021
-0.01628819
-0.01409102
-0.01752435
-0.01714569
-0.01610845
-0.01952560
-0.01749166
-0.01791020
-0.01860878
-0.01707099
-0.01580407
-0.01408516
-0.01508664
-0.01428224
-0.01600025
-0.01358671
-0.01704271
-0.01831041
-0.01729015
-0.01855550
-0.01749723
-0.01818583
-0.01446272
-0.01778765
-0.01220800
-0.01506935
-0.01488107
-0.01419792
-0.01407299
-0.01517757
-0.01396562
-0.01397282
-0.01377352
-0.01228874
-0.01209591
-0.01178537
-0.01113967
-0.01232143
-0.01261283
-0.01167720
-0.01297006
-0.01336647
-0.01238432
-0.01367457
-0.01293339
-0.01299204
-0.01301777
-0.01332246
-0.01250305
-0.01390118
-0.01334006
-0.01318600
-0.01258308
-0.01206174
-0.01319701
-0.01308871
-0.01277524
-0.01324287
-0.01241376
-0.01185760
-0.01086331
-0.01108038
-0.01114009
-0.00974287
-0.00935869
-0.00957251
-0.00835085
-0.01006335
-0.00886919
-0.00846325
-0.01033581
-0.00992828
-0.00987350
-0.00995207
-0.00917816
-0.00754277
-0.00849493
-0.00678409
-0.00833129
-0.00688372
-0.00738211
-0.00856069
-0.00789183
-0.00827133
-0.00639964
-0.00740215
-0.00779733
-0.00781949
-0.00866818
-0.00921692
-0.00836199
-0.00891087
-0.00997260
-0.00631162
-0.00743078
-0.00708059
-0.00655294
-0.00523841
-0.00501800
-0.00400945
-0.00478788
-0.00355563
-0.00362996
-0.00308230
-0.00330148
-0.00143270
-0.00301295
-0.00167356
-0.00372323
-0.00042358
-0.00236671
-0.00305496
-0.00237587
-0.00179844
-0.00264050
-0.00058046
-0.00092787
-0.00078138
-0.00172054
0.00017071
-0.00196575
-0.00139014
-0.00661479
-0.00222443
-0.00975628
-0.00654778
-0.00366860
-0.00422074
-0.00243036
0.00033303
-0.02191564
-0.00625344
-0.04761342
-0.03213861
