-0.02253737
0.01880030
-0.01785610
-0.00081613
-0.01310611
0.00152586
-0.00417619
-0.00018073
-0.00289055
-0.00365775
-0.00564350
-0.00383243
-0.00497140
-0.00114223
-0.00484881
-0.00179970
-0.00385398
0.00199955
-0.00458958
-0.00308724
-0.00032754
0.00090532
-0.00334878
-0.00123709
-0.00500613
-0.00336916
-0.00191683
-0.00396534
-0.00444114
-0.00337961
-0.00047864
-0.00185418
-0.00337868
-0.00104893
-0.00428104
-0.00208602
-0.00425320
-0.00590404
-0.00515882
-0.00659024
-0.00463216
-0.00213221
-0.00227209
-0.00179592
-0.00586757
-0.00302524
-0.00274709
-0.00474518
-0.00013325
-0.00443145
-0.00345317
-0.00462750
-0.00377518
-0.00511500
-0.00360170
-0.00356106
-0.00273885
-0.00632830
-0.00350120
-0.00566897
-0.00448360
-0.00755544
-0.00456266
-0.00680652
-0.00641549
-0.00540217
-0.00548828
-0.00423479
-0.00656535
-0.00829190
-0.00681042
-0.00759900
-0.00736394
-0.00692325
-0.00611829
-0.00770655
-0.00629239
-0.00633607
-0.00409097
-0.00803323
-0.00947200
-0.00859738
-0.00744821
-0.00429488
-0.00692137
-0.00586682
-0.00910752
-0.00934418
-0.00804517
-0.00572171
-0.00431521
-0.00670445
-0.00203220
-0.00665930
-0.00648446
-0.00637301
-0.00681722
-0.00525783
-0.00663965
-0.00656823
-0.00670012
-0.00739513
-0.00667604
-0.00752506
-0.01013154
-0.00658830
-0.00802421
-0.00900465
-0.00967548
-0.00690674
-0.00824219
-0.00750739
-0.00595843
-0.00630273
-0.00547579
-0.00792906
-0.00902124
-0.00726636
-0.01055947
-0.01012595
-0.01144692
-0.00905970
-0.01092736
-0.00942567
-0.00589498
-0.00689847
-0.00760880
-0.00560243
-0.00570573
-0.00696821
-0.00565427
-0.00543059
-0.00903403
-0.00670652
-0.00752934
-0.00927095
-0.00884521
-0.01040131
-0.00951263
-0.00852783
-0.00546581
-0.00565306
-0.00687560
-0.00976110
-0.00970651
-0.00848715
-0.00751500
-0.00755782
-0.00848279
-0.00550575
-0.00701423
-0.00620605
-0.00779408
-0.00747259
-0.00631949
-0.00685550
-0.00646866
-0.00695305
-0.00565781
-0.00756034
-0.00218870
-0.00636171
-0.00413684
-0.00401995
-0.00195244
-0.00169162
-0.00438259
-0.00174641
-0.00236553
-0.00534689
-0.00554275
-0.00504504
-0.00409744
-0.00459344
-0.00475752
-0.00236958
-0.00498283
-0.00363586
-0.00160239
-0.00350610
-0.00283535
-0.00506292
-0.00557396
-0.00449169
-0.00383935
-0.00577239
-0.00602270
-0.00747269
-0.00792882
-0.00485309
-0.00504508
-0.00680138
-0.00922672
-0.00500271
-0.00637742
-0.00858996
-0.00660465
-0.00459145
-0.00685703
-0.00666079
-0.00408432
-0.00681915
-0.00370074
-0.00449194
-0.00404819
-0.00446472
-0.00320832
-0.00243704
-0.00314426
-0.00523692
-0.00414069
-0.00466772
-0.00470333
-0.00437622
-0.00481679
-0.00248348
-0.00228229
-0.00282371
-0.00033909
0.00162601
0.00200568
0.00140180
0.00012174
-0.00096948
-0.00111210
-0.00048607
-0.00181013
-0.00271858
-0.00099975
-0.00296737
-0.00313275
-0.00178568
-0.00100831
-0.00079127
-0.00030110
0.00138687
0.00206326
0.00142379
0.00246600
0.00222616
0.00352298
0.00198291
0.00298975
0.00220791
0.00331305
0.00302363
0.00386160
-0.00075010
-0.00130771
-0.00154039
0.00163922
0.00202891
0.00268944
0.00135322
-0.00182898
-0.00255775
0.00097448
0.00111780
-0.00093527
0.00034206
0.00101778
0.00166154
-0.00159164
0.00071965
0.00533506
0.00293754
0.00447880
0.00318836
0.00349510
0.00301378
0.00284947
0.00330520
0.00266139
0.00230049
0.00252214
0.00116641
0.00338344
0.00246632
0.00211301
0.00526410
0.00521311
0.00512808
0.00190323
0.00282550
0.00191705
0.00128294
0.00148839
0.00075036
0.00060534
0.00070460
0.00341912
0.00144361
0.00322463
0.00500993
0.00448652
0.00315916
0.00170273
0.00259783
0.00242888
0.00372294
0.00441870
0.00562249
0.00285031
0.00157219
0.00132895
0.00168835
0.00512632
0.00310596
0.00422481
0.00274305
0.00369867
0.00352205
0.00331141
0.01035923
0.00643414
0.00555509
0.00548554
0.00264626
0.00493673
0.00171577
0.00261163
0.00167193
0.00172098
0.00290482
0.00215456
0.00542446
0.00512738
0.00582858
0.00445984
0.00119097
0.00314854
0.00323471
0.00618989
0.00454812
0.00015550
0.00319974
0.00123563
0.00209956
0.00242860
0.00470374
0.00461670
0.00275386
0.00489186
0.00183265
0.00333653
0.00653934
0.00645559
0.00537024
0.00457445
0.00379278
0.00556944
0.00461352
0.00596264
0.00287385
0.00528803
0.00698730
0.00224092
0.00302399
0.00349997
0.00299476
0.00538920
0.00325046
0.00601309
0.00669315
0.00629320
0.00378554
0.00402933
0.00350452
0.00488382
0.00303671
0.00071888
0.00214768
0.00426740
0.00254244
0.00311457
0.00461339
0.00179184
0.00227576
0.00317088
-0.00268258
0.00172457
0.00036485
-0.00041124
0.00360893
0.00593824
0.00092565
0.00171282
0.00298693
0.00502772
0.00166980
0.00275666
-0.00141758
-0.00025780
-0.00493147
-0.00405475
-0.00174215
-0.00380903
0.00280788
-0.00094015
0.00022713
-0.00386539
-0.00058616
-0.00287181
-0.00265550
0.00041994
-0.00138630
-0.00192115
-0.00162298
-0.00456601
-0.00514295
-0.00405802
-0.00269867
-0.00245100
-0.00144156
-0.00107484
-0.00502270
-0.00224494
-0.00068402
-0.00212785
-0.00079327
-0.00060514
0.00216582
0.00128135
-0.00013972
-0.00056462
0.00217522
-0.00224189
-0.00191423
-0.00212447
-0.00298393
-0.00349947
-0.00606596
-0.00633974
-0.00342630
-0.00609967
0.00011419
-0.00345950
-0.00257010
-0.00348378
-0.00064164
0.00097531
-0.00329333
0.00042126
-0.00076311
-0.00351672
-0.00310635
-0.00441322
-0.00371179
-0.00449377
-0.00101871
-0.00409123
0.00004122
-0.00043603
-0.00059447
0.00125097
-0.00141077
0.00008016
-0.00137309
-0.00027227
-0.00062701
-0.00350306
-0.00456405
-0.00321018
-0.00658621
-0.00421572
-0.00723900
-0.00315729
-0.00573464
-0.00572001
-0.00635926
-0.00570496
-0.00687226
-0.00671181
-0.00580936
-0.00637739
-0.00559828
-0.00505643
-0.00324064
-0.00583530
-0.00442037
-0.00693260
-0.00492986
-0.00516042
-0.00536410
-0.00363459
-0.00518386
-0.00855124
-0.00831311
-0.00313941
-0.00299011
-0.00683556
-0.00686505
-0.00331766
-0.00142892
-0.00129069
-0.00369410
-0.00256137
-0.00554128
-0.00450456
-0.00607014
-0.00322419
-0.00432461
-0.00535906
-0.00563203
-0.00561692
-0.00634573
-0.00686676
-0.00987692
-0.00910198
-0.00777129
-0.01009611
-0.01073568
-0.00949755
-0.00878074
-0.00583708
-0.00081922
-0.00640392
-0.00664848
-0.00419497
-0.00151099
-0.00487640
-0.00281604
-0.00971521
-0.00893505
-0.00715958
-0.00499463
-0.00785825
-0.00596405
-0.00388254
-0.00179333
-0.00475287
-0.00071129
-0.00171038
-0.00012986
-0.00230982
-0.00246624
-0.00265756
-0.00269969
-0.00300244
-0.00559031
-0.00530520
-0.00609825
-0.00563518
-0.00310311
-0.00469956
-0.00202430
-0.00486081
-0.00101232
-0.00456524
-0.00323317
-0.00429656
-0.00244401
-0.00935266
-0.00284293
-0.00156140
-0.00807914
-0.00372539
-0.00492388
-0.00441475
-0.00355205
-0.00350263
-0.00192821
0.00028394
-0.00026966
-0.00617339
-0.00491313
-0.00497368
-0.00617146
-0.00377718
-0.00693334
-0.00682726
-0.00495975
-0.00834314
-0.00748532
-0.00512170
-0.00730827
-0.01079838
-0.00782554
-0.00736926
-0.00695510
-0.00704443
-0.01155275
-0.00904089
-0.00974327
-0.01069070
-0.00954909
-0.00828364
-0.00671667
-0.00646353
-0.00812287
-0.00990584
-0.00879397
-0.00654847
-0.01277428
-0.01060900
-0.01236322
-0.00801873
-0.00891149
-0.00950509
-0.00720207
-0.00966771
-0.01001432
-0.00595573
-0.00592424
-0.00463892
-0.01117518
-0.00709943
-0.00882736
-0.00392293
-0.00735924
-0.00688946
-0.00626708
-0.01183997
-0.00893067
-0.01394177
-0.01307916
-0.01512005
-0.01249641
-0.01606061
-0.01043806
-0.01397028
-0.01840506
-0.01988801
-0.01372696
-0.01151370
-0.01256350
-0.01544970
-0.01009287
-0.01312105
-0.01525062
-0.01443212
-0.01610158
-0.01678227
-0.01951201
-0.01564001
-0.02007109
-0.01776807
-0.01488562
-0.01419460
-0.01817572
-0.01935687
-0.01531698
-0.02046400
-0.01720146
-0.01809027
-0.02192473
-0.02137106
-0.02440109
-0.02704120
-0.02432710
-0.02569879
-0.02082672
-0.02676259
-0.02428963
-0.02408097
-0.02689287
-0.02855650
-0.02814363
-0.02676011
-0.02950447
-0.02372356
-0.02273406
-0.02112792
-0.02866285
-0.02697006
-0.02965262
-0.02613708
-0.02585740
-0.02831524
-0.02929226
-0.02936211
-0.02670370
-0.03128153
-0.02994972
-0.03249815
-0.03078304
-0.03045995
-0.03157740
-0.03178511
-0.02846660
-0.02978583
-0.03074179
-0.03575784
-0.03693999
-0.03545364
-0.03707685
-0.03344968
-0.03815299
-0.03628779
-0.03967126
-0.03503851
-0.04120755
-0.04030788
-0.03809744
-0.04199443
-0.04469251
-0.04475224
-0.04433751
-0.04736676
-0.04057738
-0.04388246
-0.04709110
-0.04361480
-0.03891054
-0.04390546
-0.04415088
-0.04544721
-0.04674798
-0.04842534
-0.04520328
-0.04744226
-0.04749360
-0.04820691
-0.04835750
-0.04429898
-0.04736540
-0.04357585
-0.04390492
-0.04938665
-0.04826748
-0.04782027
-0.04934421
-0.04958193
-0.05307894
-0.05521076
-0.06148135
-0.06159373
-0.06387296
-0.05968687
-0.05682280
-0.05920191
-0.05891682
-0.05729221
-0.05703422
-0.05512527
-0.05411256
-0.05484381
-0.05692765
-0.05561662
-0.05638838
-0.05912622
-0.05592371
-0.06048572
-0.06110980
-0.06290410
-0.06335925
-0.06254558
-0.06619405
-0.06559692
-0.06473974
-0.06686973
-0.06415923
-0.06422116
-0.06544429
-0.06717358
-0.06530391
-0.06472214
-0.06875367
-0.06621574
-0.06754689
-0.06798749
-0.06786788
-0.06934623
-0.06866088
-0.07015491
-0.06766462
-0.06724233
-0.06500304
-0.06802797
-0.06545577
-0.06628821
-0.06800335
-0.07051373
-0.06989688
-0.07154330
-0.06905253
-0.06831121
-0.07152626
-0.06993126
-0.07303671
-0.06515875
-0.06943993
-0.06830978
-0.06990565
-0.07195589
-0.06830236
-0.07480250
-0.07032189
-0.07045793
-0.07232235
-0.06792420
-0.06800354
-0.07193334
-0.07019746
-0.07122859
-0.07230118
-0.07184155
-0.07276049
-0.07698136
-0.08254347
-0.08067767
-0.07707090
-0.07946720
-0.07658214
-0.07790423
-0.07731834
-0.07923169
-0.07969622
-0.08034754
-0.07757851
-0.07287250
-0.07418380
-0.07245727
-0.07113878
-0.07305894
-0.07057169
-0.07073259
-0.07512245
-0.07511917
-0.07430360
-0.07926567
-0.08159848
-0.07609116
-0.07791370
-0.07745565
-0.07436430
-0.07321439
-0.07234108
-0.07444222
-0.07458160
-0.07261389
-0.07394474
-0.07466841
-0.07577020
-0.07854337
-0.08280769
-0.08227678
-0.08156820
-0.08168250
-0.08234702
-0.08169601
-0.07937712
-0.07859811
-0.07788663
-0.07604270
-0.07520517
-0.07258578
-0.06932651
-0.06738133
-0.06705424
-0.07068806
-0.07001262
-0.07204620
-0.06979980
-0.06844463
-0.07016010
-0.07218436
-0.06859070
-0.06903401
-0.07160889
-0.06820604
-0.07308574
-0.06428832
-0.06405048
-0.06395731
-0.06813931
-0.06645707
-0.06707720
-0.06838093
-0.06754537
-0.06645571
-0.06978655
-0.06883747
-0.06292979
-0.06559329
-0.05768712
-0.05735189
-0.05710065
-0.05825901
-0.05891391
-0.05934646
-0.06044677
-0.06213318
-0.06029851
-0.06443849
-0.06274536
-0.06387188
-0.06386321
-0.06376809
-0.05957136
-0.06135910
-0.06247671
-0.05423498
-0.05903506
-0.06203895
-0.06025393
-0.06506773
-0.06569377
-0.05368475
-0.05564476
-0.05493116
-0.05176133
-0.05118712
-0.05784421
-0.05584483
-0.06144896
-0.06450535
-0.05777582
-0.05841706
-0.05764458
-0.05728229
-0.05765520
-0.04933696
-0.05289332
-0.05578347
-0.05389731
-0.05462804
-0.05198297
-0.05282542
-0.04886714
-0.05059262
-0.04233392
-0.04275020
-0.04064719
-0.04355012
-0.03941474
-0.04146950
-0.04407153
-0.04389875
-0.04394691
-0.04463646
-0.04374966
-0.04203338
-0.04291452
-0.04310706
-0.03972862
-0.04426953
-0.04160422
-0.04023987
-0.03819748
-0.04107062
-0.04193759
-0.04397137
-0.03842384
-0.04223473
-0.04331924
-0.03745000
-0.04168480
-0.03927688
-0.03698860
-0.03405371
-0.03277108
-0.03446224
-0.02821533
-0.02874688
-0.02787469
-0.02898734
-0.02649360
-0.02829885
-0.02913051
-0.02856919
-0.03263988
-0.02809313
-0.03328198
-0.02866353
-0.02904900
-0.02271058
-0.02252332
-0.01927947
-0.02335335
-0.02240542
-0.02539724
-0.02581774
-0.02785491
-0.02300276
-0.02372426
-0.01633602
-0.02059902
-0.02190836
-0.02227291
-0.02269095
-0.01950383
-0.02137791
-0.01560120
-0.01998131
-0.01867502
-0.01665049
-0.02024160
-0.01512339
-0.01243355
-0.01470598
-0.01049909
-0.01402827
-0.01933183
-0.01296942
-0.00657575
-0.01190198
-0.01799121
-0.01314094
-0.00492729
-0.01191762
-0.01268690
-0.01102490
-0.01282146
-0.00699494
-0.00415549
-0.00565715
-0.00276363
-0.01054872
-0.00495485
-0.01114620
-0.00912604
-0.01271960
-0.01644708
-0.01432450
-0.02228701
-0.01680982
0.00860563
-0.00555827
0.01509639
-0.03431597
0.00387754
-0.14555725
-0.07371577
0.04892552
-0.02273843
-0.00464221
0.00414497
0.00267806
0.00724929
-0.00121233
0.00595167
0.00032933
0.00605939
0.00396619
0.00474850
0.00343001
0.00262968
0.00138922
0.00275158
0.00168007
0.00098016
-0.00030428
0.00719620
0.00015060
0.00046255
0.00133352
0.00215043
0.00194182
0.00605100
0.00116679
0.00281447
0.00327689
0.00410083
0.00114051
0.00139979
0.00372373
0.00213503
0.00295687
0.00449994
0.00250511
0.00699922
0.00423352
0.00759094
0.00553643
0.00415220
0.00155166
0.00200546
0.00408644
0.00528505
0.00079191
0.00519097
0.00056919
0.00304478
0.00349633
0.00464188
0.00459463
0.00566629
0.00424146
0.00380900
0.00196138
0.00507221
0.00490362
0.00461975
0.00474634
0.00563352
0.00579706
0.00402096
0.00720890
0.00513432
0.00532446
0.00460684
0.00454952
0.00786781
0.00804687
0.00734884
0.00888060
0.00719074
0.00694313
0.00694704
0.00802215
0.00578489
0.00473625
0.00591398
0.01051271
0.00856351
0.00783516
0.00440198
0.00565813
0.00622363
0.00747388
0.00993931
0.00811152
0.00801717
0.00336484
0.00571821
0.00302057
0.00387328
0.00726786
0.00522108
0.00757812
0.00500361
0.00570689
0.00646842
0.00698101
0.00756401
0.00793475
0.00653236
0.00977964
0.00848644
0.00627360
0.00830338
0.00897118
0.00819098
0.00562380
0.00968035
0.00736324
0.00582826
0.00698142
0.00586319
0.00902703
0.00719679
0.00883118
0.00874144
0.01165783
0.01006370
0.01028276
0.01107784
0.00623138
0.00623997
0.00910581
0.00646015
0.00537064
0.00616804
0.00571379
0.00500741
0.00733998
0.00763232
0.00618251
0.00889645
0.00874003
0.00989335
0.00939072
0.00893360
0.00620047
0.00457160
0.00613922
0.00843650
0.01022352
0.00851679
0.00865772
0.00755692
0.00949606
0.00704479
0.00634968
0.00738863
0.00686156
0.00846177
0.00638214
0.00646516
0.00622822
0.00725342
0.00517321
0.00776839
0.00412753
0.00378437
0.00589546
0.00351658
0.00344924
0.00073852
0.00348464
0.00271636
0.00073413
0.00422259
0.00503642
0.00509086
0.00423354
0.00438062
0.00505016
0.00318381
0.00434387
0.00543228
0.00255978
0.00293946
0.00300029
0.00380005
0.00510373
0.00442304
0.00306539
0.00429540
0.00659487
0.00639039
0.00819234
0.00633396
0.00456553
0.00574132
0.00920036
0.00667087
0.00462049
0.00830855
0.00699295
0.00492678
0.00534448
0.00714279
0.00410400
0.00605937
0.00553256
0.00385099
0.00432254
0.00389630
0.00311917
0.00170210
0.00203219
0.00404636
0.00471692
0.00473897
0.00552633
0.00534915
0.00517191
0.00360839
0.00197932
0.00264406
0.00151125
-0.00148595
-0.00207638
-0.00180473
-0.00078049
0.00159860
0.00083537
0.00096831
-0.00000088
0.00289713
0.00153583
0.00148538
0.00331369
0.00200153
0.00095422
0.00121992
0.00045892
-0.00031046
-0.00168746
-0.00135426
-0.00218832
-0.00199023
-0.00378283
-0.00260318
-0.00366408
-0.00290074
-0.00355447
-0.00322378
-0.00437523
-0.00185816
0.00147051
0.00169780
-0.00054467
-0.00264884
-0.00166576
-0.00263302
0.00100963
0.00309569
0.00081851
-0.00190104
0.00014055
-0.00056675
-0.00094635
-0.00168081
0.00051778
0.00139826
-0.00369986
-0.00352103
-0.00343853
-0.00410332
-0.00295009
-0.00379676
-0.00293904
-0.00317462
-0.00322960
-0.00324042
-0.00279337
-0.00186741
-0.00306430
-0.00375207
-0.00135771
-0.00427475
-0.00526404
-0.00566998
-0.00352533
-0.00323374
-0.00379782
-0.00191239
-0.00205304
-0.00115214
-0.00042204
0.00025085
-0.00245592
-0.00203598
-0.00149519
-0.00460034
-0.00424063
-0.00341065
-0.00210432
-0.00282365
-0.00254845
-0.00350003
-0.00459372
-0.00537367
-0.00511391
-0.00054797
-0.00162700
-0.00028019
-0.00446003
-0.00431743
-0.00409734
-0.00411135
-0.00288595
-0.00440683
-0.00175711
-0.00751095
-0.00930521
-0.00471224
-0.00767644
-0.00326685
-0.00516611
-0.00345644
-0.00228735
-0.00228406
-0.00107431
-0.00212179
-0.00152386
-0.00391817
-0.00608640
-0.00460802
-0.00598606
-0.00201987
-0.00252936
-0.00417541
-0.00503622
-0.00700196
-0.00174704
-0.00246220
-0.00271409
-0.00119714
-0.00261987
-0.00292659
-0.00556421
-0.00206203
-0.00440747
-0.00303702
-0.00211026
-0.00565679
-0.00715669
-0.00552666
-0.00521921
-0.00390319
-0.00492429
-0.00540177
-0.00589608
-0.00468907
-0.00381663
-0.00727431
-0.00415374
-0.00201309
-0.00417293
-0.00193222
-0.00492160
-0.00323996
-0.00423592
-0.00675715
-0.00673631
-0.00402432
-0.00398256
-0.00374647
-0.00505783
-0.00417266
-0.00156986
-0.00159424
-0.00389645
-0.00236809
-0.00356150
-0.00510788
-0.00341357
-0.00131339
-0.00412978
0.00122672
0.00099838
-0.00171355
0.00027476
-0.00119346
-0.00598502
-0.00413277
-0.00098518
-0.00261720
-0.00504033
-0.00292230
-0.00188219
-0.00098750
0.00154893
0.00149532
0.00681568
0.00037555
0.00433289
-0.00084235
0.00043961
0.00007758
0.00334584
0.00355643
0.00109482
0.00267110
-0.00054882
0.00131843
0.00086368
0.00055253
0.00241125
0.00522572
0.00463101
0.00385455
0.00262841
0.00220125
0.00052639
0.00369700
0.00411167
0.00049142
0.00208449
0.00030293
0.00066520
-0.00099690
-0.00169138
-0.00106057
0.00101576
-0.00178442
-0.00018458
0.00303243
0.00161513
0.00248412
0.00300494
0.00391889
0.00821097
0.00351428
0.00566606
0.00285384
0.00213360
0.00411232
0.00299247
0.00409442
-0.00164319
0.00183632
0.00108370
-0.00070702
0.00218034
0.00225270
0.00496061
0.00359064
0.00468698
0.00362892
0.00331853
0.00335807
-0.00094386
0.00194212
-0.00182015
0.00070107
-0.00084921
0.00044759
0.00021701
0.00034377
0.00089942
0.00513047
0.00291496
0.00592285
0.00506217
0.00651274
0.00545849
0.00488732
0.00669897
0.00432311
0.00723019
0.00549825
0.00712060
0.00570944
0.00679889
0.00499394
0.00699640
0.00355643
0.00542247
0.00526289
0.00414488
0.00575095
0.00440875
0.00577702
0.00406056
0.00404766
0.00769704
0.01009949
0.00539877
0.00272448
0.00559288
0.00774107
0.00433272
0.00232263
0.00097343
0.00291925
0.00348571
0.00471767
0.00471526
0.00521552
0.00426623
0.00245235
0.00553545
0.00510843
0.00578189
0.00682031
0.00634107
0.00775685
0.00992014
0.00849234
0.01021399
0.01023851
0.01121677
0.00933073
0.00937897
0.00161708
0.00440152
0.00679847
0.00612046
0.00101182
0.00351430
0.00189283
0.00644077
0.01034406
0.00832062
0.00591130
0.00704434
0.00787498
0.00526766
0.00249996
0.00366163
0.00321989
0.00053251
0.00054719
-0.00008320
0.00227578
0.00214152
0.00322347
0.00217969
0.00541054
0.00673152
0.00551249
0.00650052
0.00279021
0.00571168
0.00217685
0.00451420
0.00264766
0.00267057
0.00436080
0.00416286
0.00327311
0.00607526
0.00830912
-0.00112576
0.00739300
0.00487025
0.00359198
0.00453388
0.00387435
0.00388970
0.00299691
0.00174035
-0.00066994
0.00526214
0.00674038
0.00378468
0.00534502
0.00411149
0.00423542
0.00770072
0.00507922
0.00774614
0.00877585
0.00600825
0.00675445
0.00894877
0.01034253
0.00641054
0.00753105
0.00584117
0.01147109
0.01039159
0.01012787
0.00994039
0.01065214
0.00811466
0.00855947
0.00593087
0.00894434
0.00859994
0.01179536
0.00607752
0.00976520
0.01128697
0.01179363
0.00918576
0.00721349
0.01023856
0.00745945
0.00925817
0.01090162
0.00734650
0.00599867
0.00482694
0.00829478
0.00846411
0.00793038
0.00593897
0.00501035
0.00826271
0.00541941
0.01127141
0.00973593
0.01342304
0.01237947
0.01538651
0.01269016
0.01477250
0.01304278
0.01182182
0.01722679
0.02083501
0.01734974
0.01271676
0.01279670
0.01476085
0.01296704
0.00992672
0.01602869
0.01355757
0.01592370
0.01671634
0.01901270
0.01768045
0.01696762
0.02089755
0.01518821
0.01444294
0.01591689
0.02114340
0.01524555
0.01848884
0.01945271
0.01753739
0.02055608
0.02195296
0.02192559
0.02647979
0.02443179
0.02706385
0.02325475
0.02374215
0.02727446
0.02237399
0.02697188
0.02699469
0.03037523
0.02629830
0.02941439
0.02588699
0.02474656
0.02144529
0.02610315
0.02868748
0.02838209
0.02866700
0.02490413
0.02767384
0.02876330
0.03069542
0.02725439
0.03130755
0.03090250
0.03199193
0.03272350
0.03030115
0.03041976
0.03178981
0.03055375
0.02870714
0.03062977
0.03255938
0.03789097
0.03526146
0.03870395
0.03282434
0.03722652
0.03743691
0.03886937
0.03769633
0.03743933
0.04327672
0.03850916
0.04131495
0.04362554
0.04611728
0.04384467
0.04841485
0.04337642
0.04171576
0.04692721
0.04580824
0.03996084
0.04232379
0.04504785
0.04492680
0.04685688
0.04833716
0.04732332
0.04603529
0.04898394
0.04714344
0.05001394
0.04582356
0.04676750
0.04628048
0.04344447
0.04738283
0.04979981
0.04660549
0.04905530
0.04895030
0.05228728
0.05404814
0.05917030
0.06191303
0.06363997
0.06345978
0.05837196
0.06006289
0.06053138
0.05970222
0.05817565
0.05707003
0.05431072
0.05493580
0.05558366
0.05725085
0.05465413
0.05898052
0.05738479
0.05898647
0.06204135
0.06250742
0.06430881
0.06247480
0.06438201
0.06728935
0.06482171
0.06682813
0.06551258
0.06442989
0.06528460
0.06698344
0.06685331
0.06416975
0.06765670
0.06773676
0.06709541
0.06925271
0.06744097
0.07024439
0.06901619
0.07081304
0.06886996
0.06835843
0.06572384
0.06741937
0.06735741
0.06614097
0.06869730
0.06994396
0.07104824
0.07055984
0.07110301
0.06749409
0.07160573
0.06998564
0.07319969
0.06846481
0.06703749
0.07058142
0.06829163
0.07373273
0.06935469
0.07333937
0.07361379
0.07007167
0.07255767
0.07020234
0.06735026
0.07136763
0.07128542
0.07007355
0.07252956
0.07215399
0.07257871
0.07428681
0.08082605
0.08325565
0.07856780
0.07902032
0.07887090
0.07768280
0.07894016
0.07911228
0.08091498
0.08026302
0.08099540
0.07476617
0.07483024
0.07410425
0.07117859
0.07243966
0.07196797
0.06889705
0.07340525
0.07587174
0.07392175
0.07650473
0.08268577
0.07913825
0.07708573
0.07963540
0.07614549
0.07456833
0.07311322
0.07331363
0.07516929
0.07348601
0.07306890
0.07413042
0.07580397
0.07720759
0.08102010
0.08258642
0.08205827
0.08194371
0.08244739
0.08283740
0.08168203
0.07911228
0.07891700
0.07823575
0.07631499
0.07471944
0.07086448
0.06863350
0.06612483
0.06916276
0.07015246
0.07003860
0.07068275
0.06865124
0.06984016
0.07159019
0.07103035
0.06780663
0.07368422
0.06903630
0.07217190
0.06914339
0.06329039
0.06530908
0.06457230
0.06928576
0.06610218
0.06809890
0.06586454
0.06798965
0.06821224
0.07206953
0.06444642
0.06655172
0.06230639
0.05728593
0.05858421
0.05790640
0.05917457
0.05835880
0.05911451
0.06217538
0.06036974
0.06321695
0.06388415
0.06400663
0.06585878
0.06414437
0.06170194
0.05898824
0.06398507
0.05574053
0.05706514
0.06097921
0.05996581
0.06258580
0.06847665
0.05717307
0.05490674
0.05689533
0.05376389
0.05013251
0.05444396
0.05743413
0.05680801
0.06455531
0.05914206
0.05806900
0.05995344
0.05752385
0.05923371
0.05384118
0.04924880
0.05722730
0.05312999
0.05652723
0.05202934
0.05412718
0.04932152
0.05149047
0.04534423
0.04221097
0.04165515
0.04272043
0.04187049
0.03877718
0.04283549
0.04378403
0.04401187
0.04346601
0.04438603
0.04371330
0.04103058
0.04533873
0.04100591
0.04370892
0.04351708
0.03972552
0.03954816
0.03989916
0.04205544
0.04265574
0.04094988
0.03966424
0.04396123
0.03898583
0.04003143
0.04187153
0.03871731
0.03589493
0.03295447
0.03599243
0.03205954
0.02778618
0.02837737
0.02802262
0.02811603
0.02636653
0.02914307
0.02744865
0.03326899
0.02946997
0.03182347
0.03076738
0.02862573
0.02646051
0.02139635
0.02074169
0.02115859
0.02359634
0.02326719
0.02485172
0.02685650
0.02551090
0.02269411
0.02096779
0.01615408
0.02409280
0.02141015
0.02398979
0.01908622
0.02309017
0.01628526
0.01908066
0.01953669
0.01879569
0.01888132
0.01929375
0.01205079
0.01515231
0.01248154
0.01253179
0.01670060
0.01789560
0.00584891
0.01027142
0.01474622
0.01863240
0.00444382
0.00992426
0.01312689
0.01318112
0.01082923
0.01249585
0.00131289
0.00798831
-0.00094003
0.00994480
0.00347059
0.01060819
0.00809290
0.01296222
0.01397014
0.02041907
0.01224657
0.02816281
-0.01035167
0.00835315
-0.02353673
0.02231112
-0.00793884
0.07261286
0.17564115
0.02098939
-0.00902834
-0.00333998
-0.00266906
0.00107575
-0.00156057
0.00005517
-0.00082232
0.00115276
-0.00052438
0.00136785
-0.00008067
-0.00095458
-0.00132040
-0.00026938
-0.00060028
-0.00020246
0.00045395
0.00068793
-0.00033918
0.00123337
-0.00096160
0.00147780
-0.00038655
0.00018656
-0.00008026
0.00072796
0.00017614
0.00065785
-0.00023553
0.00022147
-0.00089133
0.00110734
0.00041193
0.00045848
0.00038524
0.00043252
0.00013952
-0.00087020
-0.00080037
-0.00035300
-0.00020850
0.00123636
0.00015195
0.00025328
0.00050165
0.00135449
0.00024525
0.00049240
0.00023396
-0.00060491
-0.00002451
0.00017151
-0.00064358
-0.00002741
0.00021728
0.00031824
0.00064008
0.00041998
0.00131974
0.00097376
-0.00000111
-0.00011048
0.00009719
-0.00099158
0.00062485
-0.00042159
0.00023313
0.00139808
-0.00036615
0.00018644
-0.00015854
0.00068178
0.00073425
0.00057942
0.00070297
-0.00118097
0.00006677
-0.00029918
0.00002861
-0.00049685
0.00054961
0.00107750
0.00034729
0.00098552
0.00023986
0.00060886
0.00083662
-0.00014767
0.00106975
-0.00019781
0.00052786
0.00033996
-0.00000936
0.00020757
-0.00063157
-0.00000272
0.00009395
-0.00010802
-0.00005667
-0.00013638
0.00012241
-0.00003099
0.00121753
0.00027110
0.00054316
0.00130269
0.00093894
0.00032163
0.00049431
-0.00077077
-0.00272660
0.00084108
-0.00077060
-0.00018317
-0.00033214
0.00062803
0.00074731
0.00197572
-0.00037489
0.00023703
0.00073703
-0.00008321
-0.00082230
0.00064593
-0.00038679
-0.00047700
0.00019123
-0.00082089
0.00033694
-0.00006231
0.00070396
0.00055880
-0.00001302
0.00131723
0.00069907
0.00008809
0.00083432
-0.00017139
0.00001331
-0.00009782
0.00008356
0.00043030
-0.00005259
0.00007631
0.00056062
0.00014674
-0.00001453
-0.00041909
0.00032814
0.00012925
-0.00066102
0.00013121
-0.00002508
0.00003137
0.00011447
0.00007095
0.00113978
-0.00017697
0.00119472
-0.00014419
0.00118413
-0.00042010
0.00052506
0.00024554
0.00050478
0.00018786
0.00084303
-0.00005856
0.00024027
0.00023821
-0.00016880
-0.00004935
-0.00073963
-0.00030378
-0.00045754
0.00026137
0.00053597
0.00093833
0.00140862
0.00092093
0.00092253
0.00045023
0.00075750
0.00040557
-0.00083345
-0.00042034
-0.00012573
-0.00047872
-0.00033621
0.00011142
-0.00047186
0.00016502
0.00074543
0.00069516
0.00027485
0.00099431
0.00049448
0.00052438
0.00092864
-0.00002566
0.00055418
0.00020979
0.00002601
-0.00058411
0.00036346
-0.00006985
0.00030551
0.00011312
0.00014200
-0.00045446
0.00022641
-0.00003668
0.00044666
0.00078999
0.00010457
0.00019716
0.00064064
0.00048386
0.00043046
0.00028117
0.00039462
-0.00033417
-0.00017761
-0.00029459
0.00069133
0.00055546
-0.00022033
0.00053220
0.00063956
0.00044585
-0.00011986
-0.00036942
0.00078787
0.00022211
0.00040684
0.00039015
0.00095320
0.00049228
0.00101867
0.00061122
0.00092203
0.00067765
0.00120989
0.00054251
0.00026316
-0.00027534
-0.00032347
-0.00025535
0.00033388
0.00055462
0.00036462
0.00113937
0.00125026
0.00073664
0.00075495
0.00083265
0.00021225
0.00067747
0.00104441
-0.00015489
-0.00023150
-0.00046115
0.00036087
-0.00078381
-0.00005353
-0.00012559
0.00062771
0.00093862
0.00151085
0.00078435
0.00139741
0.00112061
0.00121993
0.00104163
0.00152795
0.00096592
0.00050414
0.00009214
0.00031463
-0.00012256
-0.00033070
0.00047325
0.00062999
0.00088318
0.00045922
0.00056793
0.00120656
0.00084672
0.00153258
0.00072037
0.00117143
0.00050955
-0.00018037
-0.00068000
0.00056641
-0.00056217
0.00009078
0.00024195
0.00083157
0.00034206
0.00119401
-0.00059321
-0.00038945
-0.00026621
0.00063142
0.00084968
0.00106340
0.00082060
0.00104571
0.00072330
-0.00002107
-0.00031689
0.00038550
0.00071363
-0.00003277
0.00023253
0.00089178
0.00027426
0.00119114
0.00050554
0.00047680
0.00091208
-0.00005067
0.00094986
0.00070244
0.00033481
0.00007062
0.00058054
-0.00001403
0.00110519
0.00065173
0.00074615
0.00084839
0.00109068
0.00070380
0.00047011
0.00037612
0.00055446
0.00070707
0.00003915
0.00029926
0.00055743
0.00086145
0.00072572
0.00125376
0.00073556
0.00050689
0.00127229
0.00110312
0.00112910
0.00107874
0.00068963
0.00084207
0.00054305
0.00087737
0.00135513
0.00113815
0.00012280
0.00025024
-0.00048697
0.00043547
0.00024825
0.00087785
0.00026638
0.00071248
0.00012639
0.00100644
0.00047746
0.00035070
-0.00053434
0.00071198
0.00094214
0.00151088
0.00002047
0.00148689
0.00034158
0.00075339
0.00035165
0.00069707
-0.00006392
0.00123823
-0.00027478
0.00068846
0.00075460
0.00159609
-0.00032755
0.00058854
0.00038580
0.00011446
0.00017192
0.00036931
0.00033121
0.00034140
0.00041132
0.00047357
0.00098333
0.00015654
-0.00009397
-0.00029223
-0.00010868
0.00062228
0.00037997
0.00160814
0.00028812
0.00103218
0.00083125
0.00076316
0.00016435
-0.00049913
0.00005469
0.00038551
0.00071911
0.00017970
0.00079521
0.00075546
0.00071581
-0.00045111
0.00058482
0.00007880
0.00003249
-0.00126016
0.00078319
0.00032988
0.00119595
0.00096814
0.00096031
0.00053029
0.00075843
0.00052634
0.00080250
-0.00062460
0.00078581
0.00096621
0.00023027
-0.00104313
0.00047040
0.00088840
0.00019371
0.00032381
0.00020173
0.00087669
0.00061417
-0.00078938
0.00084499
-0.00039663
0.00060494
-0.00060409
-0.00046317
0.00095116
0.00002760
0.00051433
-0.00004659
0.00048846
0.00011561
0.00148639
0.00146307
0.00078681
0.00075805
0.00077213
0.00030469
0.00134071
0.00060564
-0.00013205
-0.00022620
0.00001891
-0.00022320
-0.00062397
0.00075566
0.00004147
-0.00061461
0.00052119
0.00003941
0.00062645
0.00001246
0.00030043
0.00001468
0.00039764
0.00082669
0.00091381
0.00028387
0.00074312
-0.00001753
-0.00005318
-0.00159016
-0.00112057
0.00004066
-0.00034761
0.00074465
-0.00018039
0.00042493
0.00130279
0.00081823
0.00006694
0.00021497
-0.00044661
-0.00087105
0.00063409
0.00033315
0.00059724
0.00012544
-0.00035354
-0.00046283
-0.00045887
-0.00088049
-0.00026309
0.00051202
-0.00028668
-0.00050103
0.00112324
0.00010651
-0.00030892
0.00080328
-0.00049195
0.00014746
-0.00038283
-0.00013495
-0.00165541
0.00033162
0.00008602
0.00090556
0.00038877
-0.00027439
-0.00062459
0.00019603
-0.00092188
-0.00000266
-0.00055450
0.00014924
-0.00060296
0.00063765
0.00040686
0.00171565
0.00111497
0.00157317
0.00072797
0.00035844
0.00006401
-0.00057082
-0.00119875
0.00053152
-0.00064491
0.00030407
-0.00109933
0.00132100
0.00008246
-0.00009741
-0.00086459
0.00009531
0.00035210
0.00263867
-0.00061260
0.00014274
0.00056648
0.00071524
0.00012925
0.00116567
-0.00041930
0.00043625
-0.00075815
0.00043343
-0.00163865
-0.00028097
-0.00156365
-0.00015741
-0.00038688
0.00132178
0.00141664
0.00160319
0.00030900
0.00042218
0.00006674
-0.00028790
0.00043082
-0.00010914
-0.00089373
-0.00192088
0.00079538
-0.00126170
0.00025920
-0.00080758
0.00060042
-0.00101696
0.00080746
0.00042259
0.00066350
0.00005927
-0.00032270
-0.00083672
-0.00126990
0.00015025
-0.00073408
0.00016934
0.00081256
-0.00045451
0.00007515
0.00059639
-0.00058558
-0.00033361
-0.00050383
0.00107002
-0.00061288
-0.00043398
0.00059776
0.00054568
0.00132152
-0.00061564
0.00140326
-0.00106811
-0.00018229
0.00030745
-0.00199444
0.00135694
-0.00130289
0.00079675
0.00049995
0.00098191
0.00025829
0.00052336
-0.00134453
-0.00055777
-0.00088635
-0.00009556
-0.00098047
-0.00113705
-0.00012603
0.00048383
-0.00082359
0.00087271
-0.00008723
0.00065027
-0.00134688
-0.00021596
-0.00106642
-0.00084347
-0.00035135
-0.00094749
0.00080793
-0.00008635
-0.00016430
0.00123376
0.00050912
0.00090406
0.00014899
-0.00050775
-0.00030466
-0.00082846
0.00015459
0.00007570
-0.00057494
-0.00053146
-0.00100877
-0.00059266
0.00002767
-0.00050697
0.00024901
-0.00167228
-0.00049303
-0.00007545
-0.00049670
-0.00067078
-0.00046834
-0.00057385
-0.00044206
-0.00125781
0.00036894
-0.00066388
-0.00051569
-0.00067671
-0.00083737
-0.00072928
-0.00109889
-0.00045769
0.00032246
-0.00079618
-0.00058899
-0.00023891
0.00003535
0.00014819
-0.00075194
-0.00017879
-0.00047670
-0.00113102
-0.00102299
-0.00081137
-0.00075532
-0.00149344
-0.00207262
-0.00183653
-0.00233039
-0.00194029
-0.00116423
-0.00156802
-0.00119134
-0.00023595
-0.00130483
-0.00022943
-0.00095029
-0.00002811
-0.00098878
-0.00072845
-0.00118702
-0.00051993
-0.00166141
-0.00160205
-0.00201018
-0.00221310
-0.00157797
-0.00089979
-0.00151173
-0.00103962
-0.00055420
-0.00080313
-0.00106756
-0.00169072
-0.00060584
-0.00109833
-0.00063696
-0.00096766
-0.00076188
-0.00030298
-0.00146984
-0.00092960
-0.00107542
-0.00157320
-0.00122213
-0.00218484
-0.00230549
-0.00171582
-0.00251475
-0.00123852
-0.00162876
-0.00146268
-0.00146275
-0.00062021
-0.00089067
-0.00096158
-0.00167031
-0.00209956
-0.00152988
-0.00174340
-0.00219643
-0.00217803
-0.00226608
-0.00239747
-0.00251689
-0.00140565
-0.00161456
-0.00132474
-0.00121446
-0.00091596
-0.00048897
-0.00110220
-0.00134943
-0.00138021
-0.00161006
-0.00217521
-0.00193553
-0.00219265
-0.00309701
-0.00170281
-0.00262364
-0.00201265
-0.00289744
-0.00165159
-0.00192532
-0.00076162
-0.00138386
-0.00129931
-0.00163166
-0.00233302
-0.00224975
-0.00192416
-0.00156575
-0.00196215
-0.00221585
-0.00282982
-0.00137243
-0.00246958
-0.00213838
-0.00322367
-0.00181708
-0.00186196
-0.00298177
-0.00111179
-0.00183598
-0.00142347
-0.00156287
-0.00119007
-0.00133394
-0.00199509
-0.00206422
-0.00220827
-0.00232611
-0.00234569
-0.00147072
-0.00274114
-0.00291719
-0.00224633
-0.00255662
-0.00278625
-0.00273742
-0.00217956
-0.00229183
-0.00207705
-0.00227617
-0.00197394
-0.00159299
-0.00234925
-0.00202352
-0.00215263
-0.00321000
-0.00291570
-0.00236389
-0.00154849
-0.00231834
-0.00151244
-0.00202105
-0.00206952
-0.00171935
-0.00150560
-0.00182757
-0.00200115
-0.00198151
-0.00214803
-0.00224447
-0.00245539
-0.00150781
-0.00158829
-0.00232910
-0.00225144
-0.00178033
-0.00182991
-0.00218934
-0.00138256
-0.00115542
-0.00192042
-0.00242420
-0.00267601
-0.00248020
-0.00279784
-0.00322360
-0.00249084
-0.00272902
-0.00222737
-0.00245916
-0.00193415
-0.00204253
-0.00171719
-0.00086576
-0.00159953
-0.00130891
-0.00078054
-0.00219001
-0.00255649
-0.00181067
-0.00176619
-0.00151579
-0.00248906
-0.00407284
-0.00218092
-0.00186653
-0.00098887
-0.00164565
-0.00098834
-0.00136480
-0.00264271
-0.00161745
-0.00140531
-0.00218285
-0.00329946
-0.00194414
-0.00256450
-0.00221333
-0.00260446
-0.00114225
-0.00150802
-0.00115467
-0.00110501
-0.00173074
-0.00033476
-0.00168384
-0.00155204
-0.00263939
-0.00201733
-0.00177230
-0.00350399
-0.00204721
-0.00205443
-0.00164583
-0.00183510
-0.00016412
-0.00223475
-0.00066076
-0.00187515
-0.00078578
-0.00195710
-0.00089429
-0.00178229
-0.00154581
-0.00161952
-0.00175417
0.00045883
-0.00119077
-0.00142764
-0.00035928
-0.00148883
-0.00143293
-0.00262295
-0.00334397
-0.00199260
-0.00260786
-0.00127669
-0.00245205
-0.00031815
-0.00222507
-0.00098977
-0.00118822
-0.00079520
-0.00183399
-0.00101485
-0.00096476
-0.00210239
-0.00195337
-0.00123470
-0.00124683
-0.00058272
-0.00100273
-0.00115070
-0.00035377
-0.00027721
-0.00150602
-0.00227762
-0.00128608
-0.00038857
-0.00148717
-0.00121580
-0.00046428
-0.00049877
-0.00208388
-0.00147873
-0.00065274
-0.00076406
-0.00038068
-0.00117196
-0.00260927
-0.00070760
-0.00163036
-0.00114913
-0.00073403
-0.00007481
-0.00119751
-0.00106313
-0.00091797
-0.00045735
-0.00173787
-0.00059851
-0.00155347
-0.00109341
-0.00094407
-0.00124197
-0.00120239
-0.00099651
-0.00099178
-0.00059026
0.00018996
-0.00093080
0.00094459
-0.00122747
0.00025013
-0.00011557
0.00041221
-0.00079381
-0.00028228
0.00044403
-0.00038896
-0.00062074
-0.00117264
-0.00135079
-0.00125713
-0.00048746
-0.00236981
-0.00084105
-0.00034567
-0.00039187
0.00021445
-0.00003333
0.00124533
-0.00031303
0.00029012
-0.00015929
-0.00116373
0.00043875
-0.00125503
-0.00056876
0.00008757
-0.00079870
-0.00106342
-0.00076060
0.00087183
-0.00146891
-0.00026750
-0.00144363
-0.00006246
-0.00071489
-0.00201376
0.00073896
-0.00057583
0.00045855
0.00055847
-0.00027208
0.00016397
-0.00000887
-0.00197213
-0.00050363
0.00093486
0.00088601
-0.00255104
0.00547858
-0.00202539
-0.00052545
-0.00196479
-0.01177871
0.00651765
